cum_regret
0.0
0.8039166187683026
1.6115537277710084
1.6115537277710084
1.6115537277710084
1.6115537277710084
1.6115537277710084
1.6115537277710084
1.614223247942379
2.4208877616414357
3.2224181111584698
4.023516310752728
4.028897635516819
4.028897635516819
4.041092778399144
4.042755215106114
4.850047294513821
5.659528602381432
6.461379922910581
7.267215479969222
8.069152599061772
8.069152599061772
8.069152599061772
8.867547503142728
8.867547503142728
8.867547503142728
9.674659099686055
9.68292578435839
9.68559530452976
9.68559530452976
9.68559530452976
9.68559530452976
9.68559530452976
9.689137144415694
10.49305431924643
11.299727919835771
12.10303670271046
12.907040252095753
12.915488188218257
13.719405363048992
14.52098977053834
14.522717392910135
15.324159699768318
16.127416224140642
16.930672748512965
17.733929272885288
18.53424806574013
18.53545719390554
18.54371797144345
18.547259811329383
18.54810134278144
18.548878321024073
19.352166933653475
20.156837117832065
20.165250567104266
20.969581600854085
20.978015597030236
20.980651077720452
21.78515381037034
22.594722665872904
22.600425372557577
23.40745854200002
23.407833009778766
24.20930983432479
25.01018163907386
25.011194129745633
25.812757373876906
26.614752692629313
27.418936724878986
28.225854308303568
29.027936167464276
29.027936167464276
29.02892768075257
29.02892768075257
29.02892768075257
29.833025338447683
30.64031741785539
30.648765353977893
30.648765353977893
30.648765353977893
30.648765353977893
30.648765353977893
30.650427790684862
30.650427790684862
30.650427790684862
30.650427790684862
30.650427790684862
30.650427790684862
30.650427790684862
31.454611822934535
32.25870948062965
32.267156768641584
32.267156768641584
32.267156768641584
32.26768718616634
32.26768718616634
32.26768718616634
32.27613447417828
32.27613447417828
32.27613447417828
32.27613447417828
32.27613447417828
32.27613447417828
32.27613447417828
32.282470802015666
32.282470802015666
32.282470802015666
32.2860126419016
32.29171533365956
32.29569219488362
32.299147660215
32.300875282586794
32.301866795875085
32.30532226120646
32.30653138937188
32.307178935925904
32.31037528095141
32.3113667942397
32.320554600482296
32.32772999998564
32.331271839871576
32.337921726915546
32.337921726915546
33.14201938461066
33.943870705139815
33.943870705139815
33.943870705139815
33.943870705139815
33.943870705139815
33.943870705139815
34.75343956064238
35.56125715250946
35.56163162028821
35.567334871387274
35.57572923047465
36.37412469061804
36.37511620390633
37.17321022644278
37.973933751239976
37.97957443326819
38.78154316834903
38.789955110806616
39.591405351681075
40.392855592555534
41.19663854515051
42.00309154894954
42.80967595400602
43.6106940449577
44.4168232363037
44.41735365382846
45.21920497435761
45.21973539188237
46.02662639163538
46.038575963381234
46.83515717524583
47.636747057101815
48.433847328540075
49.229967639401515
50.027067910839776
50.82373552802358
51.61988465100101
52.41612019356368
52.41612019356368
52.41612019356368
53.220215703383225
54.02197797457308
54.825986582928905
54.8310015930305
54.8310015930305
55.63844468891446
56.44497495991516
56.45067734700164
57.25252866753079
57.25763271366439
58.05870608437907
58.86221939279944
59.66622519973696
60.4694558629318
61.26522083680914
62.06138828580337
62.85816152241772
62.85816152241772
62.85816152241772
62.85816152241772
62.85816152241772
63.662078697248454
64.46325976638259
65.26501702363261
65.26979942931865
65.26979942931865
65.26979942931865
65.26979942931865
65.26979942931865
65.27476231786908
65.2749428112314
65.2749428112314
65.2749428112314
65.28083088986835
65.28367796324369
65.28439732287848
65.28724439625381
65.28724439625381
65.28724439625381
66.08503146444116
66.08503146444116
66.08503146444116
66.88626447333756
67.68749748223397
68.48924821751359
69.29293964612323
69.29790253467365
70.09914883540584
70.11149920694115
70.91879128634885
71.72228055208792
71.73072784009986
71.73706372379799
72.54663257930055
72.54666794457073
72.55237063632869
73.35325908245811
74.15470932333257
74.16001053945408
74.16001053945408
74.16001053945408
74.16001053945408
74.16001053945408
74.16001053945408
74.16001053945408
74.16001053945408
74.16001053945408
74.16001053945408
74.16001053945408
74.16001053945408
74.16001053945408
74.9614873640001
75.76893045988407
76.56931323009037
77.37623081351495
78.18903752387057
78.19400041242099
78.99426810401668
79.79574492856271
80.59697793745912
81.40106230331844
82.20886660334975
82.21731372242003
83.01907774953544
83.82326178178512
83.8232971470553
83.8240488043164
83.82422929767873
84.62770527158202
85.43005992942348
86.23172437929075
87.03295738818716
87.8396229722703
87.84458586082073
87.84954909264587
88.65078210154228
89.4554710273716
90.26015995320093
91.0619979818943
91.86580751816085
92.66728434270688
93.47138200040199
93.47708429617819
93.47809678684996
93.48342458664304
93.48463371480845
93.48463371480845
93.48463371480845
93.48463371480845
93.48481420817077
93.4897770967212
93.4897770967212
93.49473998527162
94.29038970788262
95.09410812845525
95.09907101700567
95.90092233753482
96.70179414228389
96.70675703083431
97.50762883558338
98.30850064033244
98.31382844012552
98.31382844012552
98.31382844012552
98.31382844012552
98.31382844012552
98.31382844012552
98.31935014592536
98.31935014592536
98.32505233458957
99.12854160032865
99.92978790106083
99.92978790106083
99.93496219633441
99.93496219633441
99.93496219633441
99.93496219633441
99.93496219633441
99.93496219633441
99.93597468700618
99.93597468700618
99.93597468700618
99.93597468700618
99.93597468700618
99.93672634426729
99.93672634426729
99.93672634426729
99.93672634426729
99.93672634426729
99.93672634426729
100.73287546724471
100.73287546724471
100.73287546724471
100.73287546724471
100.73287546724471
100.73287546724471
101.53673577924432
101.54243796790854
102.34653562560365
102.35170983833562
102.35741202699984
103.1590260018335
103.16398889038392
103.1689257574204
103.1689257574204
103.97040258196643
104.77369119459583
105.5752544387271
106.37977617352783
107.18741328253054
107.98847910039835
108.79058202695029
109.59225286461506
109.59721575316549
109.60273756607731
110.40421439062334
110.40421439062334
110.40917727917376
110.40917727917376
110.40917727917376
110.4141405109989
110.41432100436123
110.41432100436123
110.41432100436123
110.41432100436123
110.41432100436123
110.41432100436123
110.41432100436123
110.41432100436123
110.41928423618637
110.41928423618637
110.41928423618637
110.41928423618637
110.42498653196257
110.42498653196257
110.42498653196257
110.42498653196257
110.42498653196257
110.42498653196257
110.42498653196257
110.42498653196257
110.42498653196257
110.42498653196257
110.42498653196257
111.22832028918343
112.0294110813974
112.83050187361137
112.83604855375737
112.84175084953357
112.84175084953357
112.84175084953357
112.84175084953357
112.84193134289589
112.84193134289589
112.84193134289589
112.84193134289589
112.84253545126434
112.84374457942975
112.84495370759517
112.84555781596362
112.84555781596362
112.84555781596362
112.84573830932594
112.84573830932594
112.84573830932594
112.84591880268826
112.84591880268826
113.64715181158466
114.44855769035526
115.25039571904863
115.25608472298904
115.25608472298904
115.25608472298904
115.25608472298904
115.25608472298904
115.261972801626
115.26318192979141
115.26663739512279
116.06833320713372
116.86942399934769
116.87438688789811
116.87559601606353
116.87775629268977
117.67895371761324
118.48075616233368
119.28264440561752
119.2843720279893
119.28558115615472
119.29110296906654
119.30011717888257
119.30181595209814
120.10361839681858
120.10367130369038
120.90547374841081
120.9111271683783
120.91285479075009
120.9140639189155
120.91424441227782
120.9171777303569
120.9228800261331
120.92408915429851
120.93091163152094
120.93155917807496
120.93155917807496
120.93155917807496
120.9351010179609
120.9351010179609
120.9351010179609
120.9351010179609
120.9408033137371
120.9408033137371
120.94097592952055
120.94218505768596
120.9457268975719
120.94693602573732
120.94693602573732
120.94693602573732
120.94693602573732
120.94693602573732
120.94693602573732
120.94693602573732
120.94693602573732
120.95263821440153
120.95263821440153
120.95263821440153
121.75345302254871
121.75915531832491
121.75915531832491
122.5601734092766
122.56513629782702
123.36567947979933
123.37098069592084
124.17215501828693
124.97319969291019
124.97852844802613
125.77940025277519
126.58027205752425
127.38151835825644
127.38648124680687
128.1931601227258
128.99664938846487
129.79789568919708
129.80359787786128
129.8093001736375
130.6133978313326
131.4146441320648
132.21649545259396
133.01774175332616
133.8192905716754
133.8249928674516
133.8249928674516
133.8249928674516
133.8249928674516
133.83016474149397
133.83016474149397
133.83016474149397
133.83053920927273
133.83624150504895
133.8366159728277
134.6374969297399
134.64245981829032
135.44320810765393
136.2449929093995
136.25347931344032
136.25347931344032
136.25365980680266
136.253840300165
136.253840300165
136.253840300165
136.253840300165
136.253840300165
136.253840300165
136.253840300165
136.253840300165
136.253840300165
136.253840300165
136.253840300165
136.253840300165
136.253840300165
136.25444440853346
136.25565353669887
136.25602800447763
136.25723713264304
136.26220002119345
136.26539636621897
136.26660549438438
136.26997458409156
136.27127013184221
136.272997754214
136.27420688237942
137.07538666432805
137.87950417779416
137.88505096505216
137.88626009321757
137.88686420158604
137.8874683099545
137.88799872747927
138.68892254013107
139.48984635278288
140.2931028771552
140.29431200532062
140.29552113348603
140.2961684669064
140.30113171167142
140.30372004447062
140.3043241528391
140.3089063439456
140.3139209877183
141.11539781226432
141.91739313101672
142.72120266728328
142.7273561605523
142.7285652887177
143.53006899495853
143.53127812312394
143.53248725128935
143.53369637945477
143.53490550762018
143.53723796015967
144.33908928068882
145.14094060121798
145.94279192174713
145.94796613447912
146.74921243521132
146.75491512696928
146.75845696685522
146.75966609502063
146.76127857591334
146.76145119169678
146.7626603198622
146.7676232084126
146.77396650076003
146.77578066354013
146.7763847719086
146.78044810927778
146.79235019058183
146.80090323578025
146.80211236394567
146.80271647231413
146.80625831220007
146.80690564562045
146.80802834361043
146.80923747177584
146.81420036032625
146.8177422002122
146.8227050887626
146.82288558212494
146.82642742201088
146.8353540851497
146.83889592503564
146.8423508343046
147.64402167196937
147.64898456051978
147.65735700047978
147.66289757831137
148.46474889884053
148.46512336661928
148.46530385998162
148.47026674853203
149.27149975742844
149.27753644098362
149.2804697590627
149.28107386743116
149.28236941518182
149.2862597796655
149.28727227033727
149.2933335973941
149.2933335973941
149.2990357860583
149.2990357860583
149.2990357860583
149.30713094569995
149.30749212164292
149.30749212164292
149.30749212164292
149.30749212164292
149.30749212164292
149.30749212164292
149.30826311388614
149.30826311388614
149.31085144668535
149.3143932865713
149.3143932865713
150.11526509132037
150.1230218796323
150.1230218796323
150.1230218796323
150.12798507187688
150.12798507187688
150.12798507187688
150.12798507187688
150.12798507187688
150.12827049031634
150.12845098367868
150.1292219759219
150.13772616922404
150.13772616922404
150.13772616922404
150.13772616922404
150.13772616922404
150.13772616922404
150.13772616922404
150.13772616922404
150.14031450202324
150.14601679779946
150.14601679779946
150.14601679779946
150.15456972062384
150.15456972062384
150.15456972062384
150.15456972062384
150.15456972062384
150.95875375287352
150.95893424623586
150.95893424623586
150.95893424623586
150.95893424623586
150.96426204602895
150.96426204602895
150.96426204602895
150.96426204602895
150.96426204602895
150.96426204602895
150.96426204602895
150.96426204602895
150.96426204602895
151.76774570571416
151.77620677778094
151.78464060501543
152.5887327865075
153.39187146091285
153.39748181901254
154.1976206980973
154.99726980865142
155.79740868773618
156.59953478368104
157.40400511243197
158.20882294198827
159.00896182107303
159.80907188804179
160.60921076712654
161.41220385541507
161.42075677823945
162.22844031989604
163.03434111160465
163.83499848489578
164.63522378356578
164.63522378356578
164.63522378356578
164.63522378356578
164.63522378356578
164.63522378356578
164.635994775809
165.43996029743093
165.4454440825794
165.45399700540378
166.2579625270257
167.0619594006908
167.86362356263535
168.6675890842573
169.4712091110188
170.2728419209202
171.07386971102466
171.87550252092606
171.88119141775448
171.889103573417
171.889103573417
171.889103573417
171.88987456566022
171.88987456566022
171.88987456566022
171.89005505902256
171.89005505902256
171.89492609681537
171.89492609681537
171.89492609681537
171.89492609681537
171.89751442961457
172.7036483240012
173.5101653031661
173.515854718015
173.5208176065654
174.32205061546182
175.12883300925878
175.12952566087858
175.93369640129248
175.9344673935357
176.73802961214273
177.53943549091332
177.54480859222022
177.5457584369205
177.54869175499957
177.54869175499957
178.3437145353589
178.3437145353589
178.3437145353589
178.3437145353589
178.3437145353589
178.3437145353589
178.3437145353589
178.34725637524485
178.34802736748807
178.3487983597313
178.35234019961723
178.35234019961723
178.35234019961723
179.1584159794752
179.9624930213875
179.9680884181366
179.9680884181366
179.9680884181366
179.9680884181366
179.97377742207703
179.97377742207703
179.97454841432025
179.97454841432025
179.97454841432025
179.97454841432025
179.97454841432025
179.9802511060782
179.9802511060782
179.9802511060782
179.9802511060782
180.78052704319347
180.78100185282298
180.78160596119145
180.78160596119145
180.78178645455378
180.78275006941684
180.78275006941684
180.78275006941684
180.78275006941684
180.78275006941684
180.78285480326232
180.78285480326232
180.78285480326232
180.78303529662466
180.7865771365106
180.79011897639654
180.79508186494695
180.80078416072317
180.80251178309496
180.80251178309496
180.80251178309496
180.80251178309496
180.80251178309496
181.6063213193615
182.4071931241106
182.41252092390368
182.41312503227215
182.41632137729766
182.41977684262903
182.4203809509975
182.42098505936596
182.4215030414453
183.22497382652725
184.0261847817051
184.03114760403895
184.036075147035
184.03625564039734
184.03746476856276
184.04152810593195
184.04243473191744
184.04243473191744
184.04813702769366
184.05383932346987
184.05383932346987
184.05383932346987
184.05383932346987
184.0546103157131
184.05625132763151
184.06121421618192
184.06475605606786
184.06596518423328
184.06596518423328
184.06596518423328
184.06596518423328
184.86721148496548
185.66906280549463
186.47376833522756
187.27764811400723
188.07889441473944
188.8803161645937
189.68173791444795
190.48549237602273
191.29124557554317
192.09206230560048
192.89581676717526
193.69723851702952
194.50410102576234
195.30647392407744
195.31143711632203
196.11294528576153
196.9142367281152
197.72109923684803
197.72606212539844
198.52739658183896
199.33382668487755
199.33459767712077
200.1363484124004
200.9372514324847
201.738068162542
201.74662108536637
202.55081056827927
203.3527508123399
203.35312528011866
203.35389627236188
204.15531802221614
204.95924804105488
205.7605833607337
206.56191868041253
206.56209917377487
207.36352092362912
208.16709643407194
208.9700698833505
208.9781658220912
208.97937396125837
209.781124696538
210.5820988105979
211.38566102920493
212.1893190837298
212.19410148941583
212.19906473418084
213.00100497824147
213.00282647302427
213.8059724127922
213.8059724127922
214.61049745966073
215.41502250652928
216.21902605591458
217.02043761011421
217.82400650791283
218.62732061905274
219.4289914567175
220.23023775744971
221.03381326789253
221.84110534730024
222.64235164803245
223.44368448101486
223.44445547325807
224.24570177399028
225.04755309451943
225.84972128029867
226.65399223256767
226.65399220479503
227.46155055164866
227.47073662935793
227.4717491200297
227.4717491200297
227.4717491200297
227.4717491200297
227.4717491200297
227.4717491200297
227.4717491200297
227.4717491200297
227.4717491200297
227.4717491200297
227.4717491200297
227.47671208773673
227.47703362659092
227.47703362659092
228.28051625233908
228.288467191112
228.288467191112
228.288467191112
228.288467191112
228.28864768447434
228.28864768447434
229.09045012919478
229.89225257391521
230.69582808435803
230.69659907660125
231.50078310885092
231.50574635361593
231.50651734585915
231.50651734585915
231.50833884064195
232.306715115514
233.1044828685792
233.9004400015553
234.69648356470682
234.69725455695004
235.50063527941373
236.29953305176903
236.30023178010558
236.30023178010558
236.30023178010558
236.30023178010558
236.30023177532064
237.10147807605284
237.10329957083565
237.90687508127846
237.91532301740096
237.92028626216597
238.72333135087493
239.5300930085488
240.3337466190646
241.14050827673847
241.14568015078083
241.14568015078083
241.1523300378248
241.15256735887033
241.15334433711297
241.15999422415695
241.16172184652874
241.16742414230495
241.16742414230495
241.16742414230495
241.16742414230495
241.16742414230495
241.16742414230495
241.16742414230495
241.16742414230495
241.16742414230495
241.16742414230495
241.16819513454817
241.16920762521994
241.16920762521994
241.16997861746316
241.16997861746316
241.16997861746316
241.16997861746316
241.16997861746316
241.17074960970638
241.17074960970638
241.17074960970638
241.9723217420794
241.9723217420794
241.9723217420794
241.9723217420794
241.9723217420794
241.9723217420794
241.9723217420794
241.977862319911
241.98356453930384
241.98356453930384
241.98852778406885
241.98852778406885
241.98852778406885
241.98852778406885
241.98852778406885
241.98852778406885
241.98852778406885
241.98852778406885
241.98852778406885
242.79172879852854
242.79172879852854
242.79172879852854
242.7920114155497
242.7920114155497
242.7954621397417
242.79606624811015
242.79667035647861
242.80158031610446
242.80330793847625
242.80641742709562
243.6072892318447
243.61083107173064
243.61155043136543
243.62010415880457
243.62087515104778
243.62199698579946
243.62864687284343
243.62976957083342
243.62976957083342
243.62976957083342
243.63149921485862
243.63149921485862
243.63149921485862
243.63149921485862
244.431994655802
245.23542341960936
246.03850719813687
246.04691320272448
246.04691320272448
246.05224089540556
246.05224089540556
246.05720414017057
246.05720414017057
246.05720414017057
246.05720414017057
246.05720414017057
246.86418908800323
246.86418908800323
246.86418908800323
246.86418908800323
246.86418908800323
246.86496008024645
246.86496008024645
246.86496008024645
246.8735128314695
246.8735128314695
246.8735128314695
246.8735128314695
246.8735128314695
246.8735128314695
246.8735128314695
246.87428382371272
246.87428382371272
246.87497647533252
247.67878601159907
247.6795570038423
248.48336654010885
249.2871760763754
249.28735656973774
249.29287838264958
250.0968634761801
250.0968634761801
250.90104750842977
250.9012280017921
250.9012280017921
250.90198570219954
250.90198570219954
250.90275669444276
250.90275669444276
250.90275669444276
250.9029371878051
250.9041463159705
250.90535544413592
250.90647307179606
250.90647307179606
250.910014911682
251.7135904221248
252.5177744543745
252.5241102179345
252.52981260502096
252.53102173318638
252.53274935555817
252.53352034780139
252.53882197483136
252.53882197483136
252.53882197483136
252.53882197483136
252.53882197483136
252.53951462645117
252.53951462645117
252.5400450439759
253.3412913447081
253.3431128394909
253.3488152265774
253.3495862188206
253.3495862188206
254.15419198057262
254.1554001197398
254.95974641741765
254.96543583226654
254.96543583226654
254.96543583226654
254.97113812804275
254.97190912028597
254.97190912028597
254.97190912028597
254.97562651743587
254.97562651743587
254.9805764703651
254.9805764703651
254.9805764703651
255.78476050261477
256.5861796732211
257.38854948795665
257.39026193798776
258.1949674677207
258.19573845996393
258.9999224922136
259.0048857369786
259.00565672922187
259.0064277214651
259.8076740221973
260.6089203229295
261.4101666236617
262.21253643839725
263.01672047064693
263.81909028538246
263.8198612776257
264.62145331468975
265.4232173418052
266.2250686623343
267.0286441727771
267.8322196832199
267.8371825717703
268.63894659888575
269.4454768698865
270.2467231706187
271.0485744911478
271.8527585233975
272.6592887943982
272.66467458963405
273.46592089036625
273.47088413513126
274.27213043586346
275.0729452440106
275.87505545170706
275.8752359450694
275.88378967250856
276.6861594872441
277.4868016748229
278.29453169148627
279.09635419989945
279.8979174433613
279.9028806881263
280.70676046690596
281.51094449915564
282.30916554926614
283.10816888144734
283.90483649863114
283.9048365968556
283.9048365968556
283.90560758909885
283.9141605119232
283.9141605119232
283.9141605119232
284.71540681265543
284.72353809695045
284.72353809695045
285.525202258895
286.3268664208395
286.3268664208395
286.3268664208395
286.3268664208395
286.3268664208395
286.33040826072545
286.3305887540878
286.3341305939737
286.3353397221391
286.33888156202505
286.3390620553874
287.1425710470466
287.94642777592526
288.7499367675845
288.7556394742691
289.5574242760147
290.3592090777602
290.3655320625511
291.16610773134636
291.171743401227
291.9760744349768
292.7780697537292
292.7787360206116
293.5824591823236
293.58816143244525
294.3890332371943
295.1899050419434
295.99327992662325
296.79527524537565
297.5990847816422
297.60069715571285
297.60190628387824
297.6035475009308
297.6058799534703
297.6064840618388
297.6082116842106
297.60942081237596
297.618435022192
297.6202565169748
297.62102750921804
297.6250908465872
297.6262999747526
297.6273124654244
297.6305088104499
297.63072729504387
297.6342691349298
297.6342691349298
297.6342691349298
298.4378446453726
299.24168318276185
300.0431023533682
300.0488050451262
300.8506563656553
300.8563586614315
301.6576049621637
302.4650696317499
303.2663159324821
303.2744464376781
303.2801488247646
303.28870174758896
303.28870174758896
303.28870174758896
304.09226396619596
304.89582618480296
304.9015150816314
304.9044483997104
304.9050525080789
305.70292582096994
306.5014076556679
307.2980752728517
307.30371140016814
308.09986052314554
308.1006315153888
308.1008688364343
308.8964129396148
309.6925620625922
309.6933330548354
310.4923363870166
310.4934582217683
311.2952430235139
311.2957069222551
311.29691605042046
311.30236981670123
311.30893210410784
311.3095362124763
311.3151896324438
311.3181229505228
311.3187270588913
311.31933116725975
311.32503355434625
312.1181493642986
312.11875347266704
312.12509676501446
312.1258737432571
312.1270828714225
312.130279216448
312.1312707297363
312.1314512230986
312.1371534117628
312.1378007451832
312.9418042945685
313.74298536370264
313.74379639412655
313.7445673863698
313.74586293412045
313.74707206228584
313.74806505276314
313.74806505276314
313.74806505276314
314.54943338824796
314.54943338824796
314.5498078560267
314.5498078560267
314.5498078560267
314.5498078560267
315.3390062939552
316.1308399457842
316.13438178567014
316.13559091383553
316.9317400368129
317.7359107772268
318.53714378612324
319.33238585019853
320.1339757320545
320.9306433492383
321.72783013714616
322.5238928299482
323.3205585820737
323.3215368035262
323.3215368035262
323.32326256083974
323.324033553083
323.3275753929689
323.33595611797455
323.3367271102178
323.34527994724095
323.3488217871269
323.35236362701283
323.3535727551782
323.35394722295695
323.3623446372631
323.3632224727318
323.3644316008972
323.3658563419714
323.36615841123466
323.37280829827864
323.3735792905219
323.3735792905219
323.3735792905219
323.3735792905219
323.3735792905219
323.3789513631078
323.3789513631078
323.3789513631078
323.3789513631078
323.3789513631078
323.3789513631078
323.3791318564701
323.3791318564701
324.18251257893377
324.9858933013974
324.9866642936407
325.79004501610433
326.5940342603749
327.39802350464544
327.40035595718496
327.40700584422893
327.4105476841149
327.4116703821049
327.41263399696794
327.4138431251333
327.4204930121773
327.42213422922987
327.4281955562867
327.43312305285497
327.43312305285497
327.4331230250823
327.4341012465348
327.4341012465348
327.4341012465348
327.4341012465348
327.4341012465348
327.4341012465348
327.4341012465348
327.43428173989713
327.43428173989713
327.43428173989713
328.23053648230507
329.02912393643356
329.8250761766616
330.6213309190695
331.41758566147746
332.2186514793453
333.02222698978807
333.82347329052027
334.6275709482154
334.63253383676584
335.4363723741551
336.2405564064048
337.04474043865446
337.84892447090414
338.6531085031538
338.6542430230333
339.4582465724186
340.2622501218039
341.06443945367505
341.06626094845785
341.07480050630437
341.0805033043063
341.8845068536916
342.686091261181
342.69455299156186
342.7002556376619
342.70093477914753
343.50432980672593
344.29997952933695
344.3009920200087
344.301983533297
345.09797899223986
345.8936287148509
346.6925348693796
347.494496638112
348.29014636072304
349.0975314346909
349.894218265986
350.6928057201145
351.48957895672885
351.4952283235805
352.29381577770897
352.29381577770897
352.29381577770897
352.29875264474543
352.29875264474543
352.29893313810777
352.29893313810777
352.29893313810777
352.29893313810777
352.30426093790084
352.30426093790084
353.10782315650783
353.1078234531585
353.1078234531585
353.10859444540176
353.10859444540176
353.10859444540176
353.10960693607353
353.1153092318497
353.1153092318497
353.1238621546741
353.1238621546741
353.1238621546741
353.9249158295987
354.72596950452333
355.5297016665367
355.53746745514997
355.5431701618346
356.3442216745877
357.14478415279797
357.94644068534797
357.9521433771059
357.9521433771059
357.9606474241216
357.9607521579671
357.9607521579671
357.9607521579671
357.9615231502103
357.9622941424536
357.9622941424536
357.96350327061896
357.96350327061896
357.96350327061896
357.96350327061896
357.96350327061896
357.96548211391257
357.96548211391257
357.96548211391257
357.9662531061558
357.9662531061558
357.9711630657817
357.9711630657817
357.9711630657817
357.9711630657817
357.9761262580263
357.9761262580263
357.9761262580263
357.9761262580263
357.9761262580263
357.9761262580263
357.97733538619167
357.97793949456013
357.98169487667644
357.98169487667644
357.98169487667644
357.98169487667644
357.98169487667644
357.98169487667644
357.9824658689197
357.9824658689197
357.982646362282
357.98742912418265
357.98742912418265
357.98742912418265
357.98742912418265
357.98742912418265
357.98742912418265
357.9903624422617
357.9989151934848
358.80300811004054
359.6064973757796
360.4100728862224
360.4150361309874
361.2186116414302
361.22128116160155
362.0231324821307
362.0280953706811
362.8293416714133
363.633525703663
364.4350745220122
364.436896016795
365.23291076783056
366.0370459242715
366.03781691651477
366.83964746715714
367.64578136154375
368.45355007760213
368.4543210698454
369.25845622628634
370.06498649728707
370.070689295289
370.87447895686955
370.8754914475413
371.67729389226173
372.47961483118854
373.2893959539862
373.29506331511647
374.0973842540433
374.10588830105894
374.1094301409449
374.11546682450006
374.11719444687185
374.1179654391151
374.11856954748356
374.1209020000231
374.1299162098391
374.1325045426383
374.1357008876638
374.1440739859379
374.14467809430636
374.1454490865496
374.1495124239188
374.1507215520842
374.1507215520842
374.9519678528164
374.95767014859257
375.7589164493248
376.560162750057
376.5609337423002
376.5609337423002
376.5620549703439
376.5620549703439
376.5620549703439
376.5620549703439
376.5620549703439
376.5620549703439
376.5620549703439
376.5706085514824
377.3726038702348
378.1734756749839
378.97728521125043
379.77876203579643
379.7844643315726
379.7844643315726
379.7862858263554
379.78705681859867
379.78705681859867
379.78705681859867
379.78705681859867
379.78705681859867
380.589672455842
381.39101874621593
382.1919101935456
382.2004629447687
383.0021587567796
383.8067054659265
384.61620635958803
385.41790217159894
386.2213221735235
386.2231436683063
386.22332416166864
386.2317222342889
386.2317222342889
386.2317222342889
386.2317222342889
386.2317222342889
386.2357822595903
386.2357822595903
386.2357822595903
386.2357822595903
387.0390064186405
387.842201598743
388.64586034933666
389.4496060058701
390.2535952501407
391.0581026798267
391.06361018762374
391.8650201291598
392.6676357664031
393.47025140364644
394.27678167464717
394.28533459747155
395.08690672984454
395.88899735642394
396.6920487652954
397.49268092916
397.49369341983174
398.2946712867467
399.0977221591812
399.10687275728566
399.9106151017513
400.71193863796816
401.51309588936107
402.314253140754
403.1160154119438
403.92062858026964
403.92062858026964
403.92062858026964
403.92062858026964
403.92062858026964
403.92062858026964
403.92062858026964
403.92062858026964
404.7248955896523
405.5261418903845
405.526745998753
405.53339588579695
405.53715126791326
405.5377553762817
405.54008782882124
405.541100319493
405.541100319493
406.347581714685
406.347581714685
406.347581714685
406.347581714685
406.347581714685
406.3525962629661
406.3525962629661
406.3525962629661
406.3525962629661
406.3525962629661
406.3525962629661
407.15579727742573
407.1643502002501
407.17252928540546
407.17841736404245
407.17913672367723
407.1800433496627
407.1841033749641
407.1890666197291
407.19199993780813
407.1926040461766
407.193813174342
407.20231787967174
407.20231787967174
407.20231787967174
407.20231787967174
407.2108708024961
407.2108708024961
407.2108708024961
407.2108708024961
407.21578111833657
407.21578111833657
407.21578111833657
407.22415355829656
407.22415355829656
407.2249245505398
407.22971559748606
407.22971559748606
407.22971559748606
407.2352231052831
407.23695274930833
407.23695274930833
407.23695274930833
407.23877424409113
407.23877424409113
407.23877424409113
407.23877424409113
408.044745900361
408.8507175566309
409.65434297414976
410.45563567994805
411.2573604746335
412.0608995175978
412.06167050984106
412.0666337546061
412.87336721928295
413.67465992508124
414.47590622581345
414.48403673100944
415.2876122414522
416.0888585421844
416.8924340526272
417.69600956307
417.70456248589437
417.70557497656614
417.7105378651166
417.71114197348504
417.7117460818535
417.7158061071549
417.7170152353203
417.7193476878598
417.7193476878598
417.72011868010304
417.72011868010304
417.7256406914411
417.7256406914411
417.73133010628993
417.73133010628993
417.73133010628993
417.73133010628993
417.7316912822329
417.7316912822329
417.7324622744761
417.7324622744761
417.7324622744761
417.7342837692589
417.7428366920833
417.7428366920833
417.7428366920833
417.7428366920833
417.7428366920833
418.5440829928155
419.35061326381623
420.15246458434535
420.1574274728958
420.1574274728958
420.1574274728958
420.1574274728958
420.1574274728958
420.16593151991145
420.1744182418481
420.1744182418481
420.1744182418481
420.1744182418481
420.1744182418481
420.1744182418481
420.1751759422556
420.1751759422556
420.1751759422556
420.1751759422556
420.1751759422556
420.1751759422556
420.1751759422556
420.17578005062404
420.17666341494976
420.18229960285083
420.1835087310162
420.1841128393847
420.19266576220906
420.19266576220906
420.19266576220906
420.19266576220906
420.19266576220906
420.19266576220906
420.19448725699186
420.19448725699186
420.996338577521
420.9965190708833
420.9965190708833
420.9965190708833
420.9965190708833
420.9965190708833
420.9965190708833
420.9965190708833
421.80063658434943
422.6071003365666
423.41128436881627
424.22094077099604
424.2211212643584
425.0252387778245
425.03087496572556
425.0316459579688
425.0316459579688
425.0316459579688
425.0316459579688
425.0316459579688
425.0328550861342
425.0351875386737
425.0435599786337
425.04710181851965
425.0478728107629
425.8516557633579
426.654830194146
426.65596471402546
427.4596565509265
427.4682094737509
428.26987363569543
429.07153779763996
429.8778809100561
429.88358361674074
430.6895792283515
431.491243390296
432.2923025324436
433.09448518859455
433.89554433074215
434.70501357433733
435.50667773628186
436.3088585273745
437.1128554010396
437.9168522747047
438.7213673337852
438.7222609280364
439.52696314570153
439.53210859590473
440.33335489663693
441.13542183007485
441.1361928223181
441.1380143171009
441.9392606178331
442.7415438912844
443.54572792353406
444.34930343397684
444.35743410026714
445.15868040099934
445.15981492087883
445.96166624140795
446.7635175619371
447.5658873766726
447.5658873766726
447.5658873766726
447.569947401974
447.57095989264576
447.57501991794715
447.5814291921996
448.3851836537744
449.1894596128324
449.9954734370319
450.79922789860666
451.6035038576647
452.4042918187974
452.41268906150225
453.2169617084925
454.0189839089397
454.0203221993605
454.8218356721554
455.62833059760175
456.43005927916283
457.23299857851174
458.03686506545563
458.03722624139857
458.0428941469433
458.84643431183173
458.8470384202002
458.85058026008613
459.6541557705289
459.6558833929007
459.6558833929007
460.45907204402874
461.262257383089
462.06596488795435
462.06596488795435
462.0669773786261
462.0669773786261
462.0669773786261
462.0669773786261
462.0686898286572
462.0686898286572
462.0686898286572
462.0686898286572
462.0686898286572
462.0740176284503
462.0740176284503
462.0740176284503
462.0740176284503
462.08257120958876
462.083342201832
462.091666229283
462.09243722152627
462.09740018923327
462.09740018923327
462.10595311205765
462.90902359234525
463.71259910278803
463.7138072419552
463.71481973262695
464.51556100320397
465.3174257877843
466.1211047898788
466.1221172805506
466.12312977122235
466.9241735594164
467.7281771088017
467.7331403535667
468.53532968543783
469.3370005231026
470.1377643018652
470.93852808062786
471.7398964161127
472.543899965498
473.3452683009828
474.1480624630217
474.1537646516859
474.1592866630239
474.1592866630239
474.16424950514653
474.16424950514653
474.16424950514653
474.16424950514653
474.16424950514653
474.16424950514653
474.16424950514653
474.16424950514653
474.16424950514653
474.16424950514653
474.96661931988206
475.7707169775772
475.7788477811968
475.7788477811968
475.7788477811968
475.7806692759796
475.7806692759796
475.7824907707624
475.7824907707624
475.7824907707624
475.7824907707624
475.78420322079353
475.78420322079353
475.78420322079353
475.78420322079353
475.78420322079353
475.7845285098925
475.78529950213573
475.7863119928075
475.7863119928075
475.78708298505074
475.79204622981575
475.79204622981575
475.79204622981575
475.79204622981575
475.79204622981575
475.79204622981575
475.79204622981575
475.79204622981575
475.79204622981575
475.792817222059
475.792817222059
475.792817222059
475.79342133042746
475.79514895279925
476.59871117140625
476.60725063079354
476.613659905046
476.61426401341447
476.61568875448864
476.61879594278787
476.6211283953274
476.62205592849443
477.42528645365735
477.4258168711821
478.23231526423666
478.2372431109269
478.2427648167267
478.24353580896997
478.24474493713535
478.24595406530074
478.25149464313233
478.2527037712977
478.25878426437504
478.2672479662588
478.2690694610416
478.26984045328487
478.27390379065406
478.27744563054
478.27821662278325
478.28054907532277
478.281320067566
478.2825291957314
478.286676252414
478.28744724465724
478.2894056664853
478.2894056664853
478.2894056664853
478.29173811902484
478.3002910418492
478.3002910418492
478.3002910418492
478.3002910418492
478.3002910418492
478.3012370137374
478.3012370137374
479.1054210459871
479.11112375267174
479.1121362433435
479.1121362433435
479.1121362433435
479.1121362433435
479.1139577381263
479.1139577381263
479.11433220590504
479.11433220590504
479.11433220590504
479.11433220590504
479.11433220590504
479.11433220590504
479.12288525110347
479.12288525110347
479.12288525110347
479.12288525110347
479.12288525110347
479.12288525110347
479.9294155221042
479.9386023209559
479.9386023209559
479.9386023209559
479.9386023209559
479.9386023209559
479.9386023209559
479.9386023209559
480.74212490247413
481.54564748399235
481.5464184762356
481.5464184762356
481.5481460986074
482.355010406639
483.15952877778733
483.96552438939807
484.7615779308679
484.7615779308679
484.7615779308679
484.7615779308679
484.7615779308679
484.7623489231111
484.7623489231111
484.7623489231111
484.7623489231111
484.7623489231111
484.76785809983824
484.76785809983824
484.76785809983824
484.7686290920815
484.77496506145343
484.7758925946205
484.7758925946205
484.7758925946205
484.7758925946205
484.7758925946205
484.7758925946205
484.7766635868637
484.7766635868637
484.7766635868637
484.7766635868637
484.7766635868637
484.7766635868637
484.7766635868637
484.7766635868637
484.77684408022606
484.7770814012716
485.58117358276365
486.3829330525352
486.3878959410856
487.1916426277173
487.1972534836443
487.19802447588756
488.0031570086002
488.805002897957
488.805002897957
488.805002897957
488.80577389020027
488.80577389020027
488.80690841007976
488.80690841007976
488.80690841007976
488.80690841007976
488.81546116130284
488.81546116130284
488.81546116130284
488.81546116130284
488.81615381292266
488.81615381292266
488.81615381292266
488.81615381292266
488.81615381292266
488.81615381292266
489.6184317769006
490.4222586267557
491.2236248684375
491.2243958606808
491.2300452275324
492.034610922401
492.04026070016107
492.04026070016107
492.0410316924043
492.837060714858
492.837060714858
493.6406362253008
493.6417707451803
494.448301016181
494.448301016181
494.448301016181
494.4568537674041
494.4568537674041
494.4570342607664
494.4570342607664
494.4587618831382
494.46048950551
494.4616986336754
494.46290776184077
494.46955764888475
494.47076677705013
494.4737000951292
495.2772402600176
496.08078042490604
496.08078042490604
496.08078042490604
496.08078042490604
496.8803026108246
497.678698070968
497.6870956315606
498.4855774662586
499.2891000477768
499.2891000477768
500.0931035971621
500.89529292903325
501.69929647841855
502.5020906404574
502.510357445605
502.510357445605
502.510357445605
502.510357445605
502.510357445605
503.3138664372642
503.3138664372642
503.3170627822897
503.31743725006845
503.3187327978191
503.3187327978191
503.3187327978191
503.3187327978191
503.32427999598553
503.32427999598553
503.32427999598553
503.32427999598553
503.32427999598553
503.32427999598553
504.12621773609993
504.13192012318643
504.13192012318643
504.93845039418716
505.7446331643825
505.74817500426843
506.54382472687945
506.5473665667654
506.5480859264002
506.5537220537166
506.5543261620851
506.5564864387113
506.5582140610831
506.5591639057834
506.5625329954906
506.5665963328598
506.5749686012185
506.5785104411044
506.5797195692698
506.58295715568573
506.586585915591
506.5900413809224
506.5934968462538
506.5934968462538
506.5934968462538
506.5934968462538
506.5934968462538
506.59591596891426
506.5960964622766
506.6042271285669
507.40788518309176
507.4134070873139
507.4189289002257
507.42389178877613
508.23040876794107
509.0327652908408
509.0413180420639
509.04208903430714
509.84565125291414
510.64982199332803
510.6583755744665
511.4608319296103
511.4618444202821
512.2648057733495
512.2704951881984
512.2761840850269
512.2802474223961
512.287163576886
512.2957164997104
512.2969256278758
512.2971061212381
513.1006462861266
513.1091645217107
513.112793281616
513.112793276831
513.1146147716138
513.9122487186555
513.9140702134383
514.7123121727063
514.7141263354864
514.7198290421711
514.7254784248264
514.7270044182419
515.5307275799539
516.3345371162204
517.141454699645
517.9454397931755
518.7469166177216
518.7479291083934
518.7487001006366
518.7542219135485
518.7597437264603
518.7651775298928
518.7651775298928
518.766907173918
518.766907173918
518.766907173918
518.766907173918
518.766907173918
518.7754112209336
518.7754112209336
518.7754112209336
518.7754112209336
518.7754112209336
518.7754112209336
518.7754112209336
518.7754112209336
518.7754112209336
518.7754112209336
518.7754112209336
518.7789530608195
518.7818863788985
518.782490487267
518.7861192471722
518.7877604642248
518.7930615732344
518.793061581624
518.7938325738672
518.7973744137531
518.7979785221215
518.799187650287
518.800310348277
518.8054557984802
518.8109709514755
518.8161164016788
518.8207880750252
518.8274379620692
518.8291655844411
519.6327410948838
519.6377039834342
519.6394164334654
520.4429056992044
520.4436766914476
520.4493794894496
520.4495599828119
521.2509215348105
522.0541520599734
522.8559143311633
523.6581950965596
524.4642888174155
525.2684728496652
526.0731750673302
526.8744213680624
527.6762726885916
527.6770436808348
528.4812277130844
529.2835084784807
530.0852707496706
530.8887596659927
530.8968019009484
531.7013319051969
532.5030941763868
533.3065806374902
534.1083429086801
534.91010517987
535.7162746582295
535.721963555058
535.7269135079872
535.7352717466598
536.5404070807908
537.3477827010377
538.1517913093935
538.9535535805834
539.7572580101534
540.5647273076677
541.3665256992723
542.1677190710799
542.1684900633231
542.9697986863971
543.7716834975869
543.7773857933631
544.5814807762735
544.5814807762735
544.5814807762735
544.5814807762735
544.5814807762735
544.5814807762735
544.5814807762735
544.5814807762735
544.5814807762735
544.5814807762735
544.5822517685167
544.5822517685167
544.5822517685167
544.58302276076
544.5837937530032
544.584806243675
544.5927190173422
544.5927190173422
544.5934900095855
544.5942610018287
544.5942610018287
544.5949472767932
544.596768771576
544.596768771576
544.596768771576
544.596768771576
544.596768771576
544.596768771576
544.5975397638192
544.5975397638192
544.5975397638192
544.5975397638192
544.5983107560625
544.5983107560625
544.6036385716592
544.6036385716592
544.6121913355412
544.6121913355412
544.6121913355412
544.6121913355412
544.6121913355412
544.6121913355412
544.6205973401288
544.62230979016
544.62230979016
544.62230979016
544.62230979016
544.62230979016
545.4270153198929
546.2282616206251
547.0301129411542
547.8313592418864
548.6332105624156
549.4373082201107
550.2438384911114
551.0457762312258
551.847627551755
552.6518115840046
553.4565138016696
554.2606978339193
554.2664001296955
554.2749530525199
554.2749530525199
554.2749530525199
554.2749530525199
554.2749530525199
555.0718511226761
555.0734921345945
555.0734921345945
555.0734921345945
555.0734921345945
555.0734921345945
555.0734921345945
555.0734921345945
555.0791948412792
555.0791948412792
555.0791948412792
555.0804039694447
555.0811749616879
555.0824705094385
555.0841117264911
555.0841117264911
555.0841117264911
555.0848827187343
555.0848827187343
555.0850632120967
555.0850632120967
555.0850632120967
555.8869145326258
555.8872890004046
555.8872890004046
555.8880467008121
555.8961773671024
555.8961773671024
555.8962692340516
555.9012324788166
555.9012324788166
555.9012324788166
555.9022449694884
555.9022449694884
555.9032574601601
555.9042699508319
555.9122201342578
555.9122201342578
555.9122201342578
555.9124006276202
555.9124006276202
555.9124006276202
555.9124006276202
555.9124006276202
555.9124006276202
555.9124006276202
555.9124006276202
555.9134131182919
555.9134131182919
556.7136890554071
556.7144600476504
556.7162274531536
557.5165033902688
558.316779327384
559.1170552644992
559.9179362214114
559.9179362214114
559.9263092226223
559.9263092226223
559.9263092226223
559.9263092226223
559.9263092226223
560.7248779773396
561.5233598120375
561.5233603062437
561.5233603062437
562.3249931161452
562.3316430031891
562.3328521313546
562.3362212210618
562.3368253294302
562.3380344575957
562.3388114358382
562.3471844370491
562.3512477744183
562.3521544004038
562.356217737773
562.3568218461414
562.3568218461414
563.1632855983586
563.9694018497703
564.7758656019874
565.5799831154535
565.5856193033546
566.3774529551836
567.1669538952921
567.1669538952921
567.1726561910683
567.1736686817401
567.9798514519354
568.7860342221306
569.5922169923259
569.5979196691572
569.598294136936
569.6001156317188
570.4042996639685
571.2084836962181
572.0155351628343
572.0158143367418
572.819737584404
573.6215889049332
574.4276848635777
574.4326481083427
574.4336605990145
574.4354820937973
575.2425335604136
575.2482362670983
575.2490072593415
575.2525490992274
575.2525490944424
575.2537582226079
575.2549673507733
575.2549673507733
575.2549673507733
575.2635201019964
576.0643919067454
576.8652637114944
577.6661355162435
577.6661355162435
577.6661355162435
577.6661355162435
577.6669065084867
577.6669065084867
577.6669065084867
577.6669065084867
577.6669065084867
577.6669065084867
577.6669065084867
577.6669065084867
577.6669065084867
577.667942057826
577.6687130500693
577.6694840423125
577.6694840423125
577.6694840423125
578.4730595527553
578.4734207286983
578.4787485284915
578.4873021096299
578.4873021096299
578.4873021096299
578.4873021096299
578.4873021096299
578.4873021096299
578.4958196869
578.4958196869
578.4958196869
578.5005944747988
578.5005944747988
578.5005944747988
578.5055573633492
578.506250014969
578.506250014969
578.5070210072123
578.5119841994568
578.5119841994568
578.5119841994568
578.5137166449003
578.5186798896653
578.5186798896653
578.5186798896653
578.5186798896653
578.5236427782157
578.5236427782157
578.5321955294388
578.5321955294388
578.5321955294388
579.3283446524163
580.1267401125597
580.1267401125597
580.9309241448093
580.9366264405855
581.7379879925841
582.5392342933162
583.3457645643169
584.1519473345122
584.955522844955
584.9612251407312
585.764800651174
586.5713309221748
586.577033110839
586.5827354829996
586.5884377787759
586.5941400745521
587.3878609043014
588.1815817340507
588.974697544003
589.7707510854727
590.5721194209576
591.3781217082885
591.3788927005318
592.1834177474003
592.1882001066585
592.9869208116544
592.9876918038976
592.9884627961409
592.9904062938801
593.7861143404895
594.5876402518893
595.381879575845
596.1756868251795
596.1756868251795
596.1774418011787
596.1774418011787
596.9779035058931
597.7789693237609
598.5829728731461
598.5910512285166
599.3931541550685
600.1948249927333
600.1997749456625
600.2005459379058
600.2014381255185
600.2069599384304
600.2081690665958
600.2081690665958
601.0037131697762
601.0037133443851
601.0037133443851
601.0037133443851
601.0037133443851
601.0044843366284
601.0044843366284
601.0044843366284
601.0044843366284
601.0044843366284
601.0044843366284
601.0044843366284
601.0100061495402
601.0100061495402
601.0100061495402
601.0100061495402
601.0107771417835
601.0107771417835
601.0107771417835
601.0107771417835
601.0107771417835
601.0107776359897
601.0107776359897
601.0107776359897
601.0107776359897
601.0107776359897
601.0192952132597
601.0192952132597
601.0192952132597
601.0192952132597
601.020066205503
601.823276220264
602.6292785075949
602.6342413961453
602.6359073824099
602.6366783746531
603.4430281627895
604.2440939806572
605.0474890082356
605.052451896786
605.8563690716168
606.6580399092816
606.6580399092816
606.6580399092816
606.6580399092816
606.6580399092816
606.6580399092816
606.6580399092816
606.663002797832
606.663002797832
606.6640152885037
606.6640152885037
606.6640152885037
606.6640152885037
606.6640152885037
606.6646193968721
606.6705074755091
606.6717166036746
606.6724875959178
607.4742516230332
607.4799538116974
608.2780478342339
609.0761418567704
609.8736308595098
610.6737697385946
610.6750652863452
610.6807679930299
610.6893209158543
610.6905300440197
610.6959530445279
610.6971621726933
610.7017443637999
610.7029534919653
610.70865619865
610.7119372539486
610.7135784710011
610.7148740187517
610.7215239057957
610.7227330339612
610.7239421621266
610.725151290292
610.7263604184575
610.7292937365365
610.7362098910264
610.7362098910264
610.7362098910264
610.7362098910264
610.7362098910264
610.7373317257781
610.7421898889676
611.5434361896997
612.3446824904319
613.1482580008746
613.1539602966509
613.9563301113865
613.9612929999369
614.7626255906961
615.5638718914282
616.3662417061638
617.1677905245131
617.9696418450422
618.7717087784802
618.7724797707234
619.5743310912526
619.5751020834958
620.3765212541022
620.3814844463467
621.1832493367004
621.9851006572296
622.7879031262196
623.5897544467488
624.3967876161912
624.4017508609562
625.2064563906891
626.0125523493336
626.0175155415782
626.8193380499913
626.8277853380032
626.829512960375
626.8330548002609
626.8330548002609
626.8330548002609
626.8338257925042
626.8338257925042
626.8338257925042
626.8338257925042
627.6353026170502
628.4391411544394
629.2403874551716
630.0422387757008
630.8440900962299
630.8497924833164
631.6513049066525
632.4523564289855
633.2528317436374
634.0539120780865
634.0539120780865
634.0624648293095
634.0624648293095
634.0624648293095
634.0624648293095
634.0635003786489
634.0641044870173
634.0648754792605
634.0648754792605
634.0648754792605
634.8664794770459
635.6733124330344
636.4743402231388
636.4743402231388
636.4751112153821
636.4751112153821
636.4758822076253
636.4758822076253
636.4760627009877
636.4760627009877
636.4760627009877
636.4760627009877
636.4778841957705
637.2791304965026
638.0803767972347
638.0803767972347
638.0803767972347
638.088916256622
638.088916256622
638.088916256622
638.088916256622
638.088916256622
638.088916256622
638.088916256622
638.088916256622
638.0945132236869
638.0945132236869
638.0945132236869
638.0994764684519
638.0994764684519
638.1001691200718
638.1001691200718
638.1011816107435
638.1011816107435
638.1028940607747
638.9093021100947
638.915004298759
638.9207065945352
638.9330572459357
638.9330572459357
638.9416108270742
638.9451526669601
638.9451526669601
639.7513084419777
640.5573543026313
641.3642718860559
642.1703407849471
642.9772583683717
642.9772583683717
642.9772583683717
642.9772583683717
642.9772583683717
642.9772583683717
642.9772583683717
642.9772583683717
642.9772583683717
642.9772583683717
643.7785046691039
643.7785046691039
643.7803261638867
643.7803261638867
643.7803261638867
643.788456830177
643.7965874964673
644.5969062893221
644.6045315326678
644.6045315326678
644.6063530274506
644.6063530274506
644.6063530274506
644.6063530274506
644.6063530274506
644.606533520813
644.6122228750772
645.4107047097751
645.4107047097751
645.4164070055514
645.4164070055514
645.4164070055514
645.4171779977946
645.4171779977946
645.4171779977946
645.4171779977946
645.4171780960191
645.4171780960191
645.4171780960191
645.4171780960191
645.4179490882624
645.4179490882624
645.4179490882624
646.2139162551777
647.0081555791334
647.0166192810171
647.8108586049729
647.8108587031974
648.6045795329467
648.6053505251899
649.3990713549392
650.195124896409
650.9882407063612
650.9890116986045
651.7824300261739
651.7873799791031
652.5813217184831
653.3802721278545
654.1737817783473
654.1737817783473
654.1737817783473
654.1737817783473
654.1737817783473
654.1737817783473
654.1737817783473
654.1737817783473
654.1737817783473
654.1737817783473
654.1743858867158
654.1773192047948
654.1830219114795
654.1842310396449
654.1856557807191
654.1874772755019
654.1874772755019
654.1878517432807
654.1878517432807
654.1878517432807
654.1878517432807
654.1878517432807
654.1888642339525
654.9920652484121
655.7952662628718
656.6014220378894
657.404623052349
657.4048027321487
657.4101305319418
657.4117798289059
657.420243702391
657.420243702391
657.420243702391
657.420243702391
657.420243702391
657.420243702391
657.4254179151229
657.4254179151229
657.4254179151229
657.4254179151229
657.4261889073662
657.4261889073662
657.4343761629075
657.4343761629075
657.4351471551507
657.4357512635191
657.4368730982708
657.4435229853148
657.4490635631463
657.4490635631463
657.4490635631463
657.4490635631463
657.4568287337548
657.4568287337548
657.4568287337548
657.4568287337548
657.4568287337548
657.4568287337548
657.4568287337548
657.4568287337548
657.4575997259981
657.4575997259981
657.4575997259981
657.4575997259981
657.4575997259981
657.4588088541635
657.467295086603
657.467295086603
657.4691165813858
657.4691165813858
657.4691165813858
657.4691165813858
657.4691165813858
657.4691165813858
657.4691165813858
657.4691165813858
657.4691165813858
658.270967901915
658.2766349429194
658.2766349429194
658.2766349429194
658.2766349429194
659.0784729716128
659.0802944663956
659.0859838663177
659.0865142838425
659.0865142838425
659.0865142838425
659.0871183922109
659.0899654655861
659.0928987836652
659.0956029357335
659.0962070441019
659.0997488839878
659.1009292000372
659.1009292982617
659.103232858407
659.1067746982928
659.1157013614317
659.1169104895971
659.1226127853733
659.1226127853733
659.1236252760451
659.1236252760451
659.1236252760451
659.1236252760451
659.1236252760451
659.1236252760451
659.1236252760451
659.1236252760451
659.1236252760451
659.1236252760451
659.1236252760451
659.1236252760451
659.1254467708279
659.9230807178697
660.7243981961276
661.5277027491535
662.3285592709968
662.3371121938212
662.3455094365261
663.146250707103
663.9480866425272
664.7498648858233
664.750877376495
665.5494648306235
665.557542406895
666.353797149303
667.150051891711
667.946306634119
668.7524894043142
669.5586721745095
670.3625107118987
670.363281704142
671.1618401793227
671.9634123116957
672.7672307812347
673.5711356253282
674.3667853479392
674.3673473854245
674.3681183776678
675.1663603369358
675.1720630436205
675.1737754936516
675.1737754936516
675.1737754936516
675.1737754936516
675.1737754936516
675.1737754936516
675.1755969884344
675.9791724988772
676.7824030240401
677.5859785344829
677.5869910251547
678.3902215503176
678.395184438868
679.1963388888425
679.9986168528205
680.8031436258561
681.6042980758307
681.6100003716069
682.4116734112031
683.2186147298879
684.0213253481203
684.026566461394
684.0275789520658
684.8284507568148
685.6298411511855
686.4370798883554
686.4456328111797
687.2471096357258
687.2471096357258
687.2524374355189
687.2524374355189
687.2524374355189
687.2524374355189
687.2524374355189
687.2524374355189
687.2577563820355
687.2577563820355
687.2577563820355
688.053905505013
688.0557269997958
688.8518761227732
688.8518762209977
688.8518762209977
688.8518762209977
688.8518762209977
688.8518762209977
688.8518762209977
688.8518762209977
688.8522506887765
688.8570417357228
688.8572222290851
688.8572222290851
688.8572222290851
688.8575966968639
688.8575966968639
688.8575966968639
688.8575966968639
688.8659772502682
688.8671863784336
688.8679573706769
688.8691664988423
688.8703756270078
688.8703756270078
688.8703756270078
688.871146619251
688.876109864016
688.876109864016
688.876109864016
688.876109864016
688.876109864016
689.674486138888
690.47286241376
691.271238688632
691.2769056388539
692.08102315232
692.885140665786
693.6892581792521
693.6945774557043
694.4931292878404
695.2915055627124
695.2978285475033
696.0993128695334
696.8947514128879
697.6907949760395
698.486838539191
699.2910225714406
699.2964080367408
700.1005920689904
700.1013630612337
700.9055470934833
701.7073984140125
702.5117580035261
702.5127704941979
702.5184727899741
703.3199571120042
703.320969602676
704.1170995854127
704.1170995854127
704.1170995854127
704.1178705776559
704.1178705776559
704.1178705776559
704.1178705776559
704.1178705776559
704.1196920724387
704.1196920724387
704.1209012006042
704.1221103287696
704.1277772789915
704.1279577723539
704.1292960627748
704.1310236851466
704.1326649021992
704.134486396982
704.134486396982
704.1354988876537
704.1354988876537
704.1354988876537
704.1354988876537
704.1354988876537
704.1354988876537
704.1354988876537
704.1354988876537
704.1354988876537
704.9401911255509
704.9487440483753
704.9487440483753
704.9487440483753
704.9489245417376
704.9489245417376
704.9491050350999
704.9491050350999
704.9491050350999
704.9491050350999
704.9494795028787
704.9494795028787
704.9494795028787
704.9506013376304
705.7517570123504
705.75739719017
705.7592186849528
705.7598227933212
705.7609446280728
705.7609446280728
705.7609446280728
705.7609446280728
705.7609446280728
705.7609446280728
705.7609446280728
705.7694840874601
705.7694840874601
705.7694840874601
705.7694840874601
705.7694840874601
705.7702550797034
705.7702550797034
705.7702550797034
705.7702550797034
705.7702550797034
705.7702550797034
705.7702550797034
705.7702550797034
705.7702550797034
705.7710260719466
705.7717970641899
705.7717970641899
705.7717970641899
705.7717970641899
705.7719775575522
705.7771494315946
705.7771494315946
705.7771494315946
705.7771494315946
705.7785741726688
706.5821087162881
706.5828797085313
706.5838726990087
706.5855386852733
706.5855386852733
706.5855386852733
706.5855386852733
706.5855386852733
706.5855386852733
706.5855386852733
706.5855386852733
706.5855386852733
706.5855386852733
706.5855386852733
706.5940425606876
706.5940425606876
706.5956837777402
706.5956837777402
706.5973249947928
706.5985341229582
706.5997432511236
706.6007557417954
706.6007557417954
706.6007557417954
706.6025772365782
706.6025772365782
706.6025772365782
706.6109753091985
706.6109753091985
706.6109753091985
706.6119877998702
706.6119877998702
706.6119877998702
706.6127587921135
706.6213117149379
706.6295785200854
706.6419302507215
706.6419302507215
706.6419302507215
706.6467130126222
706.6467130126222
706.6467130126222
706.6467130126222
706.6467130126222
706.6467130126222
706.6467130126222
707.4477645253752
707.4477645253752
707.4477645253752
707.4477645253752
707.4599593883922
707.4599593883922
707.4599593883922
707.4599593883922
707.4599593883922
708.2618107089214
708.2618106811487
708.2628231718205
708.2628231718205
708.2646446666033
708.2654156588466
708.2654156588466
708.2654156588466
708.2654156588466
709.0668924833926
709.8703565247987
709.8789094476231
710.6800837699892
710.688161507355
710.688161507355
710.688161507355
710.6893706355204
710.6905797636858
710.6922209807384
710.6922209807384
710.6922209807384
710.6922209807384
710.6922209807384
710.6922209807384
710.6922209807384
710.6922209807384
710.6978185511538
710.6978185511538
710.7026095455795
710.7081187986911
710.7088897909343
710.7099022816061
710.7099022816061
710.7115434986587
710.7131847157112
710.7198346027552
710.7211301505058
710.7211301505058
711.5106310906143
712.3001320307228
713.0896329708313
713.0896329708313
713.0945432866718
713.8977357956555
714.6985955929189
715.5017881019027
716.302647899166
717.1035076964293
717.912697795308
718.7164084897072
719.5172682869705
720.317695934311
720.3178764276734
721.1207234417967
721.920978219263
722.7218380165264
722.7226090087696
723.5258015177534
724.327599909358
725.1307924183418
725.1307924183418
725.1307924183418
725.1307924183418
725.1326139131246
725.1326139131246
725.1381301764804
725.1381301764804
725.1381301764804
725.1381301764804
725.1381301764804
725.1381301764804
725.1381301764804
725.1381301764804
725.1381301764804
725.1381301764804
725.1437795433321
725.1437795433321
725.1501154270303
725.1501154270303
725.1501154270303
725.1586683498547
725.1586683498547
725.1586683498547
725.1586683498547
725.1639961496478
725.164767141891
725.1655381341343
725.1655381341343
725.1655381341343
725.1665506248061
725.1722529205823
725.9762184422042
726.7807021492415
727.5846676708634
728.3856954609678
729.1901791680051
729.1983026286167
729.1983026286167
729.1983026286167
729.2030774165156
729.2087797122919
729.2087797122919
729.2087797122919
729.2087797122919
729.2087797122919
729.2087797122919
729.2087797122919
729.2098152616312
729.2108508109706
729.2118633016423
729.2118633016423
730.0088141815138
730.8076656842186
730.812628572769
731.6091473637533
732.4057525743228
732.4112743872347
732.4112743872347
732.4120320876422
732.4120320876422
732.4176859185181
732.4193983685493
732.4193983685493
732.4193983685493
732.4193983685493
732.4193983685493
732.4193983685493
732.4193983685493
732.4193983685493
732.4193983685493
732.4193983685493
732.4193983685493
732.4193983685493
732.4193983685493
732.4193983685493
732.4193983685493
732.4193983685493
732.4193983685493
732.4193983685493
732.4193983685493
732.4193983685493
732.4206939162999
732.4240630060071
732.4297653017834
733.2338828152494
733.2395190031506
733.2413331659307
733.2431473287107
733.2431473287107
733.2431473287107
733.2431473287107
733.2516876180134
733.2516876180134
733.2516876180134
733.2516876180134
733.2516876180134
733.2516876180134
733.2549707990971
733.2584267717142
733.2615941625315
733.2623651547748
733.2655614998002
733.2691033396861
733.2707445567387
733.2719536849041
733.2748870029832
733.2815368900272
733.2815368900272
733.2815368900272
733.2827450291943
733.2827450291943
733.2827450291943
733.2827450291943
733.2827450291943
733.2851641518547
733.285935144098
733.2925850311419
733.2969102443878
733.298622694419
734.1023721824689
734.9095752125373
734.9152940435764
734.9152940435764
734.916945036005
734.916945036005
734.9182405837556
734.926419668911
734.9300484288162
734.9341084541176
734.935317582283
734.9438182344969
735.74508786469
736.5489063342291
736.556758430368
736.5622990081995
736.5656680979067
736.5656680979067
736.5739354556061
736.5747064478494
737.372737227861
737.3736578677751
738.1718613924685
738.9702376673405
738.9702376673405
738.9702376673405
738.9702376673405
738.9710086595837
738.9710086595837
738.9719790483884
738.9719790483884
738.9719790483884
738.9719790483884
738.9727500406317
739.7737778307361
740.5754970602227
741.3757834877554
742.176069915288
742.1767490567737
742.9770354843064
742.9827377800826
742.9882596843047
743.7905303362681
744.5919402778043
744.5969031800548
745.400127339105
746.2011052060199
747.0013916335525
747.8077238397608
747.8079290711797
747.8079290711797
747.8079290711797
747.8128923159447
747.8128923159447
747.8128923159447
747.8178555607097
747.8188680513815
747.8196390436248
747.8196390436248
747.8196390436248
747.8196390436248
748.6208853443569
748.6294389254954
749.4307715162546
749.4360997269562
749.4360997269562
750.2422471515971
751.046050343432
751.0517177045623
751.0527301952341
751.0580580108308
751.0580580108308
751.0580580108308
751.0580580108308
751.0580580108308
751.0580580108308
751.0635797166307
751.0635797166307
751.0635797166307
751.0643507088739
751.0643507088739
751.0651217011172
751.0651217011172
751.0651217011172
751.8671688400104
752.6642926656094
753.4604080027624
754.2569267937467
755.0557782964515
755.8546297991563
756.6621039799671
756.6621039799671
757.4656794904099
758.2692550008527
758.2778085819912
758.2863482129798
758.2863482129798
758.2863482129798
758.2863482129798
758.2863482129798
758.2863482129798
758.2863482129798
759.090605873413
759.0991453328003
759.9009833614937
759.9133204411932
759.9133204411932
759.9133204411932
759.9133204411932
760.7140617117701
761.5148029823471
761.5205053694335
761.5212763616768
762.3224336130696
762.3281534183304
762.3281534183304
762.3289244105737
762.3289244105737
762.3296954028169
762.3296954028169
762.3296954028169
762.3296954028169
762.3296954028169
762.3296954028169
762.3302859121958
762.3302859121958
763.1336809397742
763.9370759673526
764.7405624284561
765.5440488895596
766.3452061409524
766.3459771331957
767.1524183548571
767.1531893471004
767.1612309640514
767.1630524588342
767.1647849042777
767.1697995621395
767.9731945897179
768.7771981391031
768.7782106297749
768.7782106297749
768.7783911231372
768.7783911231372
768.7869440459616
768.7869440459616
768.7869440459616
768.7877150382049
768.7877150382049
768.7877150382049
768.7877150382049
768.7877150382049
768.7877150382049
768.7939848640008
768.794755856244
768.794755856244
768.794755856244
768.794755856244
769.6009386264393
770.4051226586889
770.4051226586889
770.4136762398274
770.4136762398274
770.4186261927566
770.4186261927566
770.4195721646448
770.4237192213274
770.4277792466287
770.4289883747941
770.4301975029596
770.4309684952028
770.4395212464259
770.4452235580058
770.4501864602563
770.4519140826282
770.4531232107936
770.4538942030368
770.4624472721478
770.4746117901396
770.4753827823829
770.4753827823829
770.4817186660811
770.4820931338598
770.4820931338598
770.4820931338598
770.4820931338598
770.487420933653
770.487420933653
770.487420933653
770.487420933653
770.487420933653
770.487420933653
770.487420933653
770.4959738564773
770.4959738564773
770.4967448487206
770.5022676169552
770.5022676169552
770.5029467584409
770.5029467584409
770.5110699109721
770.5196226621952
770.5277533284855
770.5277533284855
770.5277533284855
770.5277533284855
770.5277533284855
770.5277533284855
770.5277533284855
770.5295748232683
770.5295748232683
770.5295748232683
770.5295748232683
770.5381278923792
770.5381278923792
770.5466806436023
770.5468611369646
770.5592142948854
770.5599852871286
770.5618067819114
770.5618067819114
770.5618067819114
770.5618067819114
770.5618067819114
770.5618067819114
770.5627771707161
770.5627771707161
770.5627771707161
770.5635348711236
770.5635348711236
770.5635348711236
770.5684980633681
770.5770515966782
770.5770515966782
770.5780431099665
770.5780431099665
770.5865960327909
770.5865960327909
770.5865960327909
770.5865960327909
770.5865960327909
770.5865960327909
770.5865960327909
770.5865960327909
770.5865960327909
770.5865960327909
770.5915589213413
770.5923299135845
770.5923299135845
770.5923299135845
770.5931009058278
770.5980641505928
771.4022128372881
772.2087077627344
772.2150087617596
772.2271233851407
772.2271233851407
772.2271233851407
772.2271233851407
772.2271233851407
772.233860861215
772.233860861215
772.2346318534583
772.2346318534583
772.2346318534583
772.2346318534583
772.2346318534583
772.2346318534583
772.2346318534583
772.2348123468206
772.2401405575222
772.2409115497654
772.2409115497654
772.2409115497654
772.2409115497654
772.2409115497654
772.2458747945304
773.0524899972988
773.8539015514984
773.8596041975985
774.6607852667327
774.660965760095
774.6664876643171
774.6664876643171
774.6664876643171
774.6664876643171
774.6664876643171
774.6672586565603
774.6672586565603
774.6672586565603
774.6672586565603
774.6672586565603
774.6672586565603
774.6672586565603
774.6680296488036
774.6680296488036
774.6680296488036
774.6680296488036
774.669238776969
774.6726078666762
774.6761497065621
775.47929564633
775.4876763713356
776.2884931013929
776.2890972097613
776.2957470968053
776.2969562249707
776.3004980648566
776.301707193022
777.1052827034648
777.106053695708
777.9096292061508
778.7132047165936
778.7189074232783
778.7198140492638
778.7234428091691
778.732281924673
778.732281924673
778.732281924673
778.732281924673
778.732281924673
778.737245169438
778.737245169438
779.5435773756462
780.3522739046265
781.1641207417827
781.9644503943673
782.7678501106815
783.569692706472
784.3699791340047
784.3718006287875
784.3773228526078
784.378093844851
784.3791063355228
784.3817758556942
785.1904723846744
785.1904723846744
785.1922938794572
785.1930648717005
785.1930648717005
785.1930648717005
785.1930648717005
785.1938358639437
785.1938358639437
785.1938358639437
785.1948273772321
785.1948273772321
785.1948273772321
785.1960365053975
785.1972456335629
785.2021558968829
785.2033650250484
785.2067341147556
785.209930459781
785.2154710376126
785.216680165778
785.2253441930469
785.2260368446667
785.2260368446667
785.2262173380291
785.2262173380291
785.2262173380291
785.2269883302723
785.2269883302723
785.2269883302723
785.2269883302723
785.2269883302723
785.2269883302723
785.2354354493426
785.2354354493426
785.2354354493426
785.2354354493426
785.2354354493426
785.2372569441254
785.2372569441254
785.2458104774355
785.2458104774355
785.2458104774355
785.2493523173214
785.2493523173214
785.2493523173214
786.0556954297375
786.8603876676347
787.6650799055318
788.4728842055631
789.2806885055944
789.2816027469257
790.0839592698255
790.8885650315775
790.8971179544019
791.7035480574405
792.5082402953376
793.3101647436162
794.1113977525125
794.9137675672481
794.9194698630243
795.7214076031387
796.5250265887436
797.332059758186
798.1398773500531
798.9417860487156
799.7441558634512
800.5465256781868
800.5518582869746
800.5518582869746
800.5518582869746
800.5518582869746
800.5518582869746
800.5518582869746
800.5518582869746
800.5518582869746
800.5535707370058
800.5535707370058
800.5602206240497
800.563589713757
800.5647988419224
800.5655698341657
800.57412275699
800.57412275699
800.574483932933
800.574483932933
800.574483932933
800.574483932933
800.574483932933
800.5752549251763
800.5752549251763
800.5769873706198
800.5826900773045
800.5883927839892
801.3907625987248
801.3964653054095
801.3966457987718
801.4016090435368
801.4073113393131
802.211322621384
802.2120936136273
803.0161912713224
803.818561086058
804.6204124065872
805.4305940287317
805.4314059559593
806.2348089759128
807.0371787906483
807.8418843203813
808.6437356409104
809.4455869614396
809.4455869614396
809.4455869614396
809.4455869614396
809.4455869614396
809.4455869614396
809.4455869614396
809.4455869614396
809.4455869614396
809.4455869614396
809.4455869614396
809.4455869614396
809.4455869614396
809.4455869614396
810.2491463106727
810.2569977888069
810.2569977888069
810.2569977888069
810.2569977888069
810.2569977888069
810.2569977888069
810.2569977888069
810.2569977888069
810.258205927974
810.2665789291849
810.2665789291849
810.2748472411471
810.2748472411471
810.2748472411471
810.2748472411471
810.2748472411471
810.2756182333903
810.2766307240621
810.2766307240621
810.2818049367941
810.2818049367941
810.2818049367941
810.2831723533
810.2831723533
810.2831723533
810.2885001530931
810.2885001530931
810.2891792945787
810.2891792945787
810.2891792945787
810.2891792945787
810.2891792945787
810.289950286822
810.289950286822
810.289950286822
810.289950286822
810.289950286822
810.289950286822
810.289950286822
810.2907212790652
810.2907212790652
810.2907212790652
810.2984774493724
810.2994899400442
810.3002609322874
810.3002609322874
810.3002609322874
810.3002609322874
810.3002609322874
810.3002609322874
810.3052238208378
810.3052238208378
810.3058279292062
810.3064320375746
811.1102705749638
811.914109112353
811.9226625964283
811.9260316861355
811.9260316861355
812.7323882038614
812.7373514486264
812.7373514486264
812.7373514486264
812.7373514486264
812.7391729434092
812.7391729434092
813.5437257574847
814.3404734899096
815.1400754315383
815.9368231639633
815.9375941562065
816.7363291054914
817.5354964696562
817.536508960328
818.3384385416662
819.1354166412727
819.1439702224112
819.1439702224112
819.1439702224112
819.1439702224112
819.1439702224112
819.1439702224112
819.1447412146545
819.1447412146545
819.1532939658775
819.1551154606603
819.1551154606603
819.1561279513321
819.1561279513321
819.1561279513321
819.1614608867138
819.1614608867138
819.1614608867138
819.1614608867138
819.1614608867138
819.1614608867138
819.9643079008372
820.767196156351
820.774652473649
820.774652473649
820.774652473649
820.7756296187664
820.7756296187664
820.7756296187664
820.7756296187664
820.7774511135492
820.7774511135492
820.7774511135492
820.7774511135492
820.7774511135492
821.5814546629344
821.5814546629344
821.5814546629344
822.3856386951841
823.1898227274337
823.1898227274337
823.190003220796
823.190003220796
823.190003220796
823.190003220796
823.1910157114678
823.9970246149054
823.9970246149054
823.9972051082677
823.9972051082677
823.9972051082677
823.9972051082677
824.0057580310921
824.0057580310921
824.0057580310921
824.0057580310921
824.0057580310921
824.0057580310921
824.0057580310921
824.0057580310921
824.0057580310921
824.0057580310921
824.0091271207993
824.0154497126617
824.8250531859169
824.8254276536957
825.6272260453003
825.6279970375435
825.628601145912
825.6293721381552
826.4333029698738
827.234901089872
828.0365856294553
828.843624508332
829.6456547172173
830.4472528372155
831.2486348195256
832.0507514337302
832.8546822654488
832.8667797163183
833.6694155012469
834.4714457101322
834.4771478987965
835.2787460187947
835.2799551469601
836.0816259846249
836.0864083903109
836.0897774800181
836.0906841060037
836.8934183618427
837.6936938593553
837.6942979677237
837.6950749459663
838.4985642117053
839.2998105124375
839.3055127011017
839.3065118999377
839.307282892181
839.3128047050928
839.3140138332583
839.3140138332583
839.3140138332583
839.3140138332583
839.3141943266206
839.3141943266206
839.3141943266206
839.3141943266206
839.3141943266206
839.3141943266206
839.3141943266206
839.3141943266206
839.3141943266206
839.3141943266206
839.3141943266206
839.3141943266206
839.3141943266206
839.3152068172924
839.3237603984309
839.3237603984309
840.1200151408389
840.1285687219773
840.9248234643853
840.9249154797081
840.9256864719514
841.732604055376
842.534080879922
843.3379773362079
843.3383518039867
844.1393388600021
844.9355936024101
845.7339202719512
846.532334439464
847.3291076760784
847.3298786683216
848.1261334107296
848.9279165010465
849.7267468603422
849.727121328121
849.7271223816683
850.5237899988522
850.524802489524
850.524802489524
850.524802489524
850.524802489524
850.524802489524
850.5255734817672
850.5255734817672
850.5255734817672
850.5255734817672
850.5255734817672
850.5255734817672
850.5255734817672
850.5263444740104
850.5263444740104
850.5313073625608
850.5313073625608
850.5313073625608
850.5313073625608
850.5313073625608
850.5319228462859
850.5319228462859
850.5337443410687
851.339323979032
852.1389730895861
852.1406855396173
852.9431571304225
853.7432960095073
854.545681225758
855.3512608637213
855.3512608637213
855.3512608637213
855.3512608637213
855.3512608637213
855.3567683715185
856.1583664915166
856.9599646115148
856.9684128089783
857.7700973485616
858.5716954685598
858.5716954685598
859.3713071367183
859.3713081902656
860.1697041576947
860.9680132422139
860.9690257328857
860.9745475457976
861.772683885635
862.5732513668772
863.3717332015751
864.1757367509604
864.1842896737847
864.9876847013632
865.7910797289416
866.5950832783268
867.3984783059052
867.3992492981484
868.2032528475337
868.9994019705111
869.8001431678338
870.599146500015
871.3952956229924
872.1992498276204
872.9947939308008
873.7906405515984
874.5924030236328
874.5980920126476
875.393636115828
876.188921324172
876.9844654273525
877.7852935008015
878.5814426237789
878.5822136160222
879.3806090761656
879.3823366985374
879.3831076907807
879.3840713056437
879.3847186390641
879.3860141868147
879.3909774315797
879.391748423823
879.3985709010453
879.4011592338445
879.4133237518364
879.4140947440796
879.4148657363229
879.4156367285661
879.4205999733312
879.4263021619954
879.4298440018813
879.4298440018813
879.4298440018813
879.4308564925531
879.4308564925531
879.4308564925531
879.4308564925531
879.4310236940796
879.4310236940796
879.4310236940796
879.4310236940796
879.4310236940796
879.4367259898559
879.4367259898559
879.4367259898559
879.4422418423032
879.4472047308536
879.447483904761
879.447483904761
879.447483904761
879.4560366559841
879.4617389517604
879.4617389517604
879.4617389517604
879.4623430601288
879.4651038877184
879.4680372057975
879.4735277262708
879.4748660166917
879.4756429949343
880.2767088128021
880.2828642136359
881.0845350513007
881.8856008691685
882.6872717068333
883.4935346188432
884.295205456508
885.0968762941728
885.9008798435581
886.7070558980397
887.5092452299109
888.3122952722094
888.317258464454
888.3184217396611
889.1252744262391
889.1338271774622
889.9409387740055
890.7431281058767
891.547131655262
892.3488024929268
892.3543252611614
893.1556935966463
893.1563598635287
893.9574689064484
893.9584813971202
894.762139451645
894.7623199450073
894.7672831897723
895.5713754549597
896.3729598624491
897.1746306710097
897.9763015086745
898.7779723463393
899.5819758957246
899.5874977086364
900.3896870405076
900.3980594804676
900.3990719711394
900.4000844618112
901.202072164726
901.202072164726
901.2038271407253
901.2073689806111
901.2081399728544
901.2093491010198
901.2093491010198
902.012871682538
902.8163942640563
903.622524105327
904.426655208652
905.2278485804596
905.2341319961146
905.2341319961146
905.2341319961146
905.2341319961146
905.2341319961146
905.2350462374459
905.2366874544985
906.0434899632844
906.0482647511833
906.0550872284057
906.0550872236207
906.0618246996951
906.065366539581
906.065366539581
906.065366539581
906.065366539581
906.065366539581
906.065366539581
906.065366539581
906.065366539581
906.0661375318242
906.0669085240675
906.0682040718181
906.0682040718181
906.0689750640613
906.0689750640613
906.0775279868857
906.0775279868857
906.0775279868857
906.0775279868857
906.0832302826619
906.0832302826619
906.8873789693572
906.8881366697647
906.8889076620079
907.6907236369827
907.6924360870139
907.6924360870139
907.6924360870139
907.6924360870139
907.6936452151793
907.69494076293
907.6961498910954
907.6973590192608
907.6975395126232
907.6987486407886
907.7022904806745
908.5032214504657
908.5089241571504
908.517463788139
909.3206810214662
910.1271980006311
910.9284310095275
910.9341204243764
911.7410926172518
911.7495271659798
911.7507362941452
911.7523855911093
911.7558410564407
911.7570501846061
911.7570501846061
911.7570501846061
911.7627524803823
911.7645739751651
912.5687580074148
912.5687580074148
912.569528999658
912.569528999658
912.569528999658
912.5750194665751
912.5805099870485
912.5854728755988
912.5854728755988
912.5854728755988
912.5854733698051
912.5854733698051
912.5904365620496
912.5904365620496
912.5914490527214
912.5914490527214
912.5914490527214
912.5914490527214
912.5914490527214
912.5998213210801
912.5998213210801
912.6015337711112
912.607174111415
912.607174111415
912.6156350118805
912.6156350118805
912.6156350118805
912.6156350118805
912.6156350118805
912.6156350118805
912.6164060041237
912.6164060041237
912.6164060041237
912.6164060041237
912.6164060041237
912.617176996367
912.617176996367
912.622140241132
912.622140241132
912.6223074426586
912.6223074426586
912.6272706874236
912.6358236102479
912.6360041036103
912.6360041036103
912.6416931075507
912.6416931075507
912.6416931075507
912.6500903502556
912.6500903502556
912.65864327308
912.65864327308
913.4628273053296
913.4677905500946
914.2717940994798
915.0734649371446
915.8771229916695
915.8783311308366
915.8783311308366
915.8840333195009
915.8840333195009
915.8840333195009
915.8840333195009
915.8840333195009
915.8903162742745
915.8903162742745
915.8960185700507
915.8960185700507
915.9015090905241
915.9033305853069
915.9035110786692
916.707086589112
917.5106620995548
918.3142376099976
919.1207545891625
919.9249253295764
919.9249253295764
919.9334780807994
919.9346872089649
919.9382290488508
919.9399566712226
919.9456593779073
919.9468685060727
919.9554214288971
919.9638823293626
919.9696835318732
919.9816607665263
919.9852026064121
919.9852029030628
919.9864120312283
919.9870161395967
919.9941915391
920.7983755713497
921.6052296548033
922.4075130642196
923.2087593649518
924.0100056656839
924.8196620678636
925.6225510533233
926.4244023738524
926.4261148238836
926.4268858161269
927.23063749711
928.034908449379
928.8384839598218
928.8448203044013
928.8465479267732
928.8518757265663
928.8642151862915
928.8645404753905
928.8667007520168
928.8684283743886
928.8691993666318
928.8758492536758
928.8764533620442
928.8821560687289
928.8902795293405
928.8969294163845
928.89813854455
928.89813854455
928.89813854455
928.8989095367932
928.8995999351887
928.9002040435571
929.7012318336615
930.5022596237659
930.5107213541468
931.3117491442512
931.3200833848465
931.3229757361021
931.331528805213
931.3322997974562
931.3405666026038
931.3495808124197
931.3507035104097
931.351474502653
931.358124389697
931.358124389697
931.3665583858731
931.3665583858731
931.3665583858731
931.3665583858731
931.3665583858731
931.3665583858731
931.3665583858731
931.3673293781163
931.3673293781163
931.3673293781163
931.3673293781163
931.3673293781163
931.3673293781163
931.3673293781163
931.3673293781163
931.3676793127767
931.3676793127767
931.3688011475283
932.1705651746437
932.9726321080816
932.9736445987534
932.9793468409733
932.987477644593
933.7913161819822
933.7925243211494
933.7925243211494
933.7942519435212
933.799042937947
934.603135119439
934.6043442476044
934.6054660823561
934.6126414818594
934.6134124741027
934.6187137815344
934.6194331411692
934.6260830282132
935.4261642676097
936.229444190268
936.2344074350331
937.0362186350378
937.0379462574097
937.0396738797815
937.0414015021533
937.0421724943966
937.043381622562
937.0467507122693
937.0534005993132
937.0546097274787
937.0553807197219
937.0565898478874
937.05823106494
937.061164383019
937.066091926015
937.8678559531304
938.6696199802458
939.4708662809779
940.2727176015071
941.07742313124
941.881434413311
941.886397381018
941.894739044177
941.8965605389598
941.897331531203
942.6991828517322
943.5088392539119
943.5092137216907
944.3133977539403
944.3152192487231
945.1217495197238
945.1303022709469
945.9337915366859
946.7361613514215
946.7447142742459
946.747691067487
946.7495125622698
946.7507216904353
946.7545822307214
946.7557903698886
946.756999498054
946.758122196044
946.7587263044124
946.7605477991953
946.761425634664
946.7647947243712
946.7714446114152
946.7780944984592
946.7793900462098
946.780161038453
946.786810925497
946.7932019025757
946.7932019025757
946.7932019025757
946.7932019025757
946.7939728948189
946.7939728948189
946.7939728948189
946.8027266855562
946.8148912035481
946.8212821806268
946.8284575801301
946.8320863400354
946.832863318278
946.8345909406498
946.8362321577024
947.6385886806022
948.442759421016
949.2469301614299
950.0487681901233
950.0544705772097
950.8568271001095
951.6609978405234
951.666687755002
952.4708584954159
953.2750292358297
954.0773857587295
954.8787340188923
955.6852509980572
956.4893358712022
956.4950381669785
956.4960506576502
956.4962311510126
957.3009233889097
957.3094636542982
958.1169067501821
958.122235505298
958.128885392342
958.1346865948526
958.143239517677
958.1467813575629
958.1503231974488
958.1565350885387
958.1655492983547
958.1740668756247
958.1790297641751
958.182571604061
958.1837797432281
958.1837797432281
958.1837797432281
958.1837797432281
958.1837797432281
958.1837797432281
958.1837797432281
958.9852565677742
958.9854237693007
958.9854237693007
958.9854237693007
958.9907525244166
958.9999260314326
958.9999260314326
959.0008466713467
959.0018591620185
959.0018591620185
959.0018591620185
959.0018591620185
959.0018591620185
959.0018591620185
959.0036806568013
959.0036806568013
959.0036806568013
959.8072561672441
959.8080271594873
960.6116026699301
961.4151781803729
961.4151781803729
961.4161906710447
961.4161906710447
961.4167894654692
961.4178019561409
961.4178019561409
961.4178019561409
961.4178019561409
961.4178019561409
961.423504602241
961.423504602241
961.42382989134
961.4246008835833
961.4252049919517
962.2264512926838
962.2314142603908
962.2348697257222
962.2354738340906
963.0396225207859
963.0401845582712
963.0468344453152
963.046926460638
963.0481355888035
963.0516774286893
963.0574786312
963.0660180905872
963.0682648836831
963.0692578741605
963.8728333846033
963.8730060003867
963.8793969774654
963.8793969774654
963.8793969774654
963.8800873758609
964.6764093565225
964.6764098656555
964.6777054134061
964.6787179040779
965.480353086919
966.2845371191686
966.2902398258533
966.2910108180965
966.2910108180965
966.2910108180965
966.2920233087683
966.2920233087683
966.2977255509883
966.3033392083337
966.3033392083337
966.3033392083337
966.3041102005769
966.3041102005769
966.3041102005769
966.3041102005769
966.3041102005769
967.1079487379661
967.1165022220414
967.1243537001756
967.1243537001756
967.1261751949584
967.1261751949584
967.1261751949584
967.1279966897412
967.1279966897412
967.1279966897412
967.1279966897412
967.1279966897412
967.1279966897412
967.1279966897412
967.1279966897412
967.1279966897412
967.129818184524
967.129818184524
967.1316396793068
967.1316396793068
967.1316396793068
967.1316396793068
967.13241067155
967.9370092109456
968.7434324916089
969.5469010117143
970.3538271908194
970.3545981830626
971.1591967224582
971.9683982245026
972.772910287753
973.5740495981478
973.574820590391
974.3765649205828
974.3821601189097
974.3906776961798
974.3914353965872
974.3931630189591
974.396212255205
974.3975078029556
974.398111911324
974.3998395336959
974.4083924565202
974.4091634487635
974.4127052886494
974.4185933672863
974.4215266853654
974.4250685252513
974.4286103651372
974.4315436832162
974.4350855231021
974.4362946512675
974.4421827299045
974.4439103522764
974.4448601969766
974.4456311892199
974.4496080504439
974.4531498903298
974.4566917302157
974.4613634035621
974.4619675119305
974.4636951343024
974.4649042624678
974.4666318848397
974.469739073139
974.4705100653822
974.4711141737506
974.4722360085023
974.4730070007455
974.4799231552354
974.4806941474786
974.485657036029
974.4891988759149
974.4904080040803
974.4939498439662
974.4939498439662
974.4939498439662
975.3002996321026
975.3013121227743
976.1074948929696
976.1082658852129
976.9116609127913
977.7176632001222
978.5216667495074
978.5224377417507
979.3235035596184
979.3236840529808
980.1296863403117
980.93308136789
981.7347522055549
982.5410151175648
983.3450186669501
984.1486767214749
984.1494477137181
984.9506287828523
985.7518098519864
985.7579657137015
986.5619692630868
987.364158594958
987.3725325654559
988.174009390002
988.1747803822452
988.9759979233261
989.7821536983437
990.5831407543591
991.3846175789051
992.1860079732758
992.9930981468788
993.7968213085908
993.797592300834
994.5990691253801
995.4005459499261
996.2020227744722
997.0040180932247
997.8132999994212
998.6165010138809
999.417675336247
1000.2190657306177
1001.0222898896678
1001.8252532641307
1001.8283025003766
1001.8283025003766
1001.8332397388608
1001.8332397388608
1001.8332397388608
1001.8332397388608
1001.8332397388608
1001.8332397388608
1001.8332397388608
1001.8332397388608
1001.8332397388608
1001.8332397388608
1001.8332397388608
1002.6333413328288
1003.4369993873536
1004.2410029367388
1004.2493753766988
1004.2543382652492
1005.0550456468374
1005.8591808032783
1005.8599517955215
1006.6640869519624
1006.6644125439325
1006.6700660552102
1007.4765963262109
1007.4776088168827
1007.4779832846615
1008.2841307093024
1009.0882793959977
1009.8918195608861
1009.8999154996268
1010.7040641863221
1011.5057937311215
1012.3104639153
1013.1169588407464
1013.1254762464151
1013.1305445939728
1013.9317555491506
1014.7333043674998
1015.5348531858491
1015.5358656765209
1016.3397042139101
1017.1415201888849
1017.1425326795567
1017.9466813662519
1018.7507436783927
1019.5526460729527
1020.3544620479275
1021.1586107346228
1021.1596232252946
1021.9619576944758
1022.7670629817736
1023.5693974509549
1024.3712134259297
1024.37688078706
1025.1786967620346
1025.1794677542778
1025.9822348777134
1026.785775042602
1027.5880231064639
1027.5937258131485
1027.5944968053916
1027.5963183001743
1027.6012457967427
1027.6012457967427
1027.6015710858417
1027.6015710858417
1027.6015710858417
1027.6015710858417
1027.6015710858417
1028.4050753558668
1029.2085796258918
1030.0149227383079
1030.8155503878704
1031.6195472615354
1032.4230562531948
1033.226444605053
1034.030441478718
1034.8315006208657
1035.6378437332817
1036.44236210443
1036.442687393529
1037.243861786943
1037.2450475702688
1038.048435922127
1038.8519981442055
1039.658840273653
1039.6616023380652
1039.665144177951
1039.6687729378564
1039.6699820660217
1039.674045403391
1039.6757730257627
1039.676982153928
1039.6781912820934
1039.6872054919095
1039.6878981435293
1039.6928613882942
1039.693873878966
1039.6967209523414
1039.7035495874775
1039.7035495874775
1039.708260359988
1039.708260359988
1039.708260359988
1039.708260359988
1039.708260359988
1039.708260359988
1039.7142970435432
1039.715309534215
1039.7160805264582
1039.7160805264582
1039.7160805264582
1039.7160805264582
1039.7168515187013
1039.7168515187013
1039.7168515187013
1039.7168515187013
1039.7168515187013
1039.7168515187013
1039.7178640093732
1039.7178640093732
1039.7178640093732
1039.7178640093732
1039.7262620819934
1039.7262620819934
1039.7325979656914
1039.7325979656914
1039.7333689579345
1040.5380711755997
1041.3453632550074
1042.1522407451262
1042.1530117373693
1042.1530117373693
1042.1530117373693
1042.1530117373693
1042.1615646601936
1042.1615646601936
1042.1615646601936
1042.1615646601936
1042.1615646601936
1042.1615646601936
1042.1615646601936
1042.1615646601936
1042.1615646601936
1042.1615646601936
1042.1615646601936
1042.1615646601936
1042.1625771508654
1042.1625771508654
1042.1627576442277
1042.1627576442277
1042.1713103954507
1042.1713103954507
1042.1713103954507
1042.1713103954507
1042.1713103954507
1042.1713103954507
1042.1713103954507
1042.1713103954507
1042.1713103954507
1042.1768183141562
1042.1768183141562
1042.1768183141562
1042.1853358914261
1042.186348382098
1042.186348382098
1042.186348382098
1042.1871193743411
1042.1871193743411
1042.1871193743411
1042.1871193743411
1042.1871193743411
1042.1871193743411
1042.187812025961
1042.98966334649
1043.791255383554
1043.7998083063783
1043.7998083063783
1043.7998083063783
1043.7998083063783
1043.7998083063783
1043.7998083063783
1043.8083485956809
1043.8083485956809
1043.8083485956809
1043.8083485956809
1043.8083485956809
1043.8083485956809
1043.8083485956809
1043.8086961806673
1043.8143855955161
1043.8215609950194
1043.8215609950194
1043.8223319872625
1043.8223319872625
1043.8223319872625
1043.8223319872625
1043.8231029795056
1043.8241154701775
1043.8241154701775
1043.8241154701775
1043.8241154701775
1043.8241154701775
1043.8248864624206
1043.8248864624206
1043.8334392136437
1043.8334392136437
1043.8334392136437
1043.8334392136437
1043.8419919648668
1043.8419919648668
1043.8430044555387
1043.8430044555387
1043.8437754477818
1043.8437754477818
1043.8437754477818
1043.8437754477818
1043.8437754477818
1043.844546440025
1043.844546440025
1043.844546440025
1043.844546440025
1043.845317432268
1043.8532682336988
1043.8532682336988
1043.8580430215977
1043.8580430215977
1043.8580430215977
1043.8580430215977
1043.8580430215977
1043.8580430215977
1043.8580430215977
1043.8580430215977
1043.8580430215977
1043.8580430215977
1043.8580430215977
1043.8580430215977
1043.8580430215977
1043.8628257834982
1043.8635967757414
1043.8635967757414
1043.8635967757414
1044.670888855149
1045.4727401756782
1045.47375266635
1045.47375266635
1045.4764221865214
1045.4764221865214
1046.2804257359066
1047.0820965735713
1047.0828675658145
1047.884279120014
1048.686382046566
1049.4881386827942
1050.2976146021097
1051.104726198653
1051.914288120514
1052.716045377764
1052.7165757952887
1053.518073713539
1054.319830970789
1055.1215594097512
1055.9287585953248
1056.7305158525749
1057.5341739070998
1058.3406723001544
1059.1428616320256
1059.1436326242688
1059.9501310173234
1060.7541345667087
1061.5562374932606
1062.3579083309253
1063.158974148793
1063.962632203318
1064.7719330283212
1065.573603865986
1066.376312368581
1067.1779832062457
1067.9820736756503
1067.9868559884812
1068.7850820154274
1068.790784722112
1069.587359761065
1069.587359761065
1070.3915437933147
1070.3972464999993
1070.3982589906711
1070.3982589906711
1070.3982589906711
1070.4019763878212
1070.4051727328467
1070.4057632422255
1070.409278005758
1070.4140686964897
1070.4170896127384
1070.4196779455376
1070.420368343933
