cum_regret
0.0
0.0003744677787491657
0.0013869584505208365
0.0017614262292700023
0.0017614262292700023
0.8040448356455949
1.6063282450619198
1.6079494936650383
2.4102196112455783
3.211539152392195
3.211913620170944
4.013751648864309
4.021869023318795
4.825694268872256
5.630299600829646
5.630647185816029
6.434472431369491
7.238297676922953
8.042036066070292
8.047619885275619
8.853789363635158
9.65761460918862
10.459366207706564
10.459713792692947
11.26146539121089
11.269582743217578
12.071852724833098
12.881158944465755
13.684997481855001
13.685345066841384
14.487196387370533
15.291120775934452
15.296823056785088
16.098587947138817
16.0989355321252
16.09986306529226
16.90162795564599
16.902002423424737
16.902182916787062
16.902773426165904
17.703826607849024
17.709335677464168
18.510993878944245
18.516397468077106
18.52199417625904
18.5273977507587
18.5299860835579
18.53119521172331
18.53240433988872
18.53352703787871
18.539229318729348
18.544931614505554
19.346782935034703
19.347992063200113
19.35369435897632
19.35369435897632
20.155171183522345
20.95656157789295
21.75831317641089
22.559546185307298
22.559920653086046
22.565609549914477
23.369332155564035
23.369679740550417
23.375381929214633
23.381070826043064
23.381418411029447
23.387120706805653
24.188424689515134
24.19412687817935
24.199723586361284
25.001113980731887
25.80457802213801
25.810174730319943
26.611565124690546
27.412436929439615
27.418033637621548
28.219510462167573
29.0209872867136
29.02658399489553
29.032181105936644
29.037777814118577
29.839254638664602
30.640930479679035
31.44525820136103
32.24958592304302
33.05106274758905
33.85430723721084
34.661224820635425
35.462989710989156
36.267604886673794
37.069283365366395
37.069630950352774
37.87087725108496
37.87584013963538
37.87618772462176
38.677347724738794
38.67769530972517
38.68329201790711
39.48505690826084
39.485431376039585
40.287196266393316
40.2930041467717
40.29870644254791
41.09986644266495
41.9017177631941
42.7036555033085
43.50550679473346
44.307271685087194
44.30804267733042
45.10928897806261
45.9109673791773
45.916564087359234
46.718328977712964
46.7239256858949
47.524567873473714
47.53016458165565
48.334866799320764
49.1394819750054
49.94418419267052
49.9445317776569
50.75071454785222
51.55196084858441
51.55755755676634
52.35932244712007
52.35967003210645
53.16143492246018
53.96319894957559
54.76505024100056
55.56629654173275
56.3681478622619
57.169307862378936
57.97340496401162
58.775256284540774
59.577021174894504
59.581984891606844
60.383836212135996
61.18741172257881
61.19300843076074
61.99477332111447
62.7965382114682
62.79688579645458
62.802589077410225
62.808291464496705
63.610056354850435
64.41190767537958
65.21427749011511
65.21997977096575
65.22557647914768
66.0273413695014
66.82919269003055
66.82934819289925
67.63111308325297
68.4328779736067
68.44522858469688
69.25252066410458
69.25822391520364
69.27057456660418
70.07786664601188
70.88454552193082
70.88620795863778
70.88787039534475
70.89357267619539
71.70077715596577
71.70239840456888
72.50969048397658
72.51003806896297
73.31733014837067
73.32292779316117
73.32863007401181
74.13592215341951
74.14162444919572
74.14732663785993
74.94917795838909
75.75094284874281
76.55270773909653
76.558410126183
77.36561460595338
78.1673794963071
78.16772708129349
78.96897338202568
78.96932096701207
79.77661304641977
80.5812282221044
80.5869305178806
81.38878183840976
82.19054672876348
82.99179302949567
83.79396121527492
83.80631186667546
84.61360394608316
85.42089602549086
86.22818810489856
87.03003942542772
87.83189074595687
88.6365059216415
89.43827081199522
89.43861839698161
89.45096904838215
90.25826112778985
90.27061428571066
90.2829649371112
91.0902570165189
91.89210833704806
91.9044589884486
92.71227658031569
92.71393901702265
92.71953666181315
92.72513430660365
92.73083755770271
93.54049395988248
94.34165395999952
95.14350528052867
95.14910292531917
95.1546996335011
95.95698304291741
96.75883436344657
97.56240987388938
98.37022746575647
99.17751954516417
99.17914079376729
99.1807620423704
99.98261336289956
100.78981784266993
100.7914802793769
101.59324516973062
101.59361963750938
101.60597000904468
101.60763244575165
102.40939733610537
102.40974492109176
103.21159624162091
104.01344756215006
104.82073964155776
104.82633634973969
105.62779880270412
105.62946123941109
106.43122612976481
107.23307745029396
108.03492877082311
108.84222085023082
108.84792410132988
108.86027471242006
109.67308142277568
110.48037350218338
111.28274331691891
111.2950939280091
111.29675636471606
112.09817553532244
112.90235956757212
113.70360586830431
114.51089794771201
115.31819002711971
115.33054067852025
116.14010953402281
116.14570717881331
116.15805783021385
116.16365453839578
116.97147213026287
117.78077834989553
117.78112593488191
118.5825451054883
119.38439642601745
120.18568595180156
120.99289043157194
121.80569714192755
121.80604472691394
122.60720472703098
123.41423789647341
123.4145854814598
124.21842401884903
125.02260805109871
125.82731358083166
125.8330158616823
126.63538567641783
126.63700692502094
126.64271017612
126.65084097973966
127.4546795171289
128.25903910664255
129.06080399699627
129.06893466328654
129.08128531468708
129.09363688521466
129.09616894633808
129.10176565452002
129.11411630592056
129.92140838532828
129.93375903672882
130.74105111613653
130.7413987011229
130.74953080423163
130.7618823747592
130.77423410539532
131.58380296089788
132.3910950403056
133.19838711971332
133.20408940056396
134.01138147997167
134.8186735593794
135.6259656387871
136.42773052914083
136.4280781141272
136.43378040990342
137.24107248931114
138.04836456871885
138.85012945907258
139.65733393884295
140.45909882919668
140.46480147529672
141.27760818565233
142.08490026506004
142.89210474483042
142.89376718153738
143.69760571892664
144.51041242928224
144.51078636992605
145.3126376904552
145.31833998623142
145.32393669441336
146.12570158476709
146.9274664751208
146.92839400828788
147.73770022792053
148.54153876530978
148.547241061086
148.55294370718605
149.35488144730044
150.15681918741484
150.1584816241218
150.96577370352952
150.9661212885159
151.76788617886962
152.56973749939877
153.37711716783687
154.180926751018
154.98277807154716
155.78998255131754
156.59192029143193
157.39377161196109
158.1950179126933
158.99686923322244
159.7987205537516
160.6060126331593
160.60699153192925
161.41428361133697
162.2215756907447
162.22717239892663
163.03101093631588
163.83286225684503
163.8332098418314
164.64303984043775
164.6434143082165
164.65576495961704
165.45994899186672
165.46554570004866
166.27283777945638
166.27853998831367
167.0809098030492
167.88276112357835
168.68573576848158
168.68840528865294
168.696958039876
168.70276633929151
168.70314080707027
168.70351474771408
169.50545248782848
170.3072173781822
171.10906866960715
171.91644833804526
172.72382800648336
172.73238092930774
172.73275486995155
173.53693890220123
173.53770989444445
173.55006054584499
173.5624114379599
174.36374402871908
175.1660273021704
175.9696028126132
176.7715405527276
176.77181972663496
176.77752203821476
176.77914328681788
177.5809081771716
177.5858710527831
178.38720364354228
178.39533414873827
178.39602680035807
178.39869632052944
178.40006373703537
178.4014311535413
179.2026774542735
180.00383745439055
180.8070679795535
181.60840057031268
182.41249767194537
183.22031526381247
183.22031523603982
183.22052046745878
184.02790013589689
184.04025078729742
184.84201567765115
184.8501463214936
185.65130632161066
185.65231881228243
185.65791552046437
186.46175405785362
186.46190956072232
186.4675066123656
186.46912786096874
187.27037416170094
188.07213905205467
188.072319545417
188.07791625359894
188.87968028071435
189.68092658144656
189.68254783004969
190.4843127204034
190.48990942858535
191.29167345570076
191.30402406679093
191.3043716517773
192.10622297230645
192.91040700455613
192.9120694412631
193.7140071813775
193.72635779246767
194.5293324373709
194.54168308877144
194.54701658816964
194.547364173156
195.34891299150524
196.1558984762164
196.96319055562412
197.76504187615328
198.566806766507
199.37081804857792
199.37895015168664
199.38391386839896
199.38887682316684
199.39447342633494
200.19857052796763
200.99981682869984
201.8094732308796
202.61102204922884
203.41278693958256
204.21455182993628
205.01631672029
205.0212795959015
205.02137146285065
205.82231572447765
205.82249621783998
206.62404503618922
207.42580992654294
208.22675418816993
209.02830300651917
209.8298518248684
210.63140064321763
211.43325196374678
211.43334383069595
212.234503830813
213.03626872116672
213.83803361152044
214.6391936116375
215.44095850199122
215.44105036894038
215.44114223588954
216.24269105423878
216.24284655710747
217.0446114474612
217.84931697719412
218.65056352978456
218.65552640539605
219.45698885836046
220.26414680297867
221.06530680309572
221.077657174631
221.08335947040723
221.88451947052428
222.68580920944206
223.49310128884977
223.49325679171847
224.2948056100677
225.09678620299792
225.90377168770908
226.7055365780628
227.50928825904592
227.51425150381093
227.51494415543073
227.5159566461025
227.5216588347667
228.3289509141744
229.13080223470357
229.13650453047978
229.13668502384212
229.93853634437127
229.93888392935764
229.9392583971364
229.94496069291262
229.95066298868883
229.95636528446505
230.7582166049942
231.56240063724388
231.56274822223025
232.3645995427594
233.16645086328856
233.9682733717017
233.97397662280076
233.97425579670812
234.77610711723727
235.57795843776643
236.37980975829558
236.39216040969612
237.19401173022527
237.19438619800403
238.00167827741174
238.80949586927883
238.82184652067937
239.62369784120853
239.6247103318803
240.42840176048995
241.23258579273963
242.03668345043474
242.84130250402254
243.64583466046506
243.65153736714973
243.6572400738344
243.66568736184632
244.469871394096
245.2739690517911
246.07806670948622
246.88763556498878
246.893337860765
247.6998681317657
247.70557041261634
247.71137829299474
247.71771417669288
248.52189820894256
249.3242680236781
250.1316476921162
250.93885217188657
251.74113544533787
251.742756693941
251.74293718730334
251.7432847722897
251.74898705314035
252.55075194349408
252.5509324368564
252.55589532540682
252.55607581876916
252.56188369914756
252.5622581669263
252.5680660473047
253.3700037874191
253.37035137240548
254.17228911251988
254.97414043304903
254.97576168165216
255.7776130021813
255.77776850505
256.58013831978553
257.38250813452106
258.1848779492566
258.98906250841543
259.79030880914763
259.7905620384795
260.5924997785939
261.3944375187083
261.39634083489244
261.3977082513984
262.19947227851384
262.2044351670643
263.0056814677965
263.8075327883256
264.6098160617769
265.4115800888923
266.2133449792461
266.2137194470248
266.2260701387359
266.2317724503157
267.03897693008605
267.0393513978648
267.8417212126003
267.84731801030387
267.8530207020618
267.85861741024377
267.86431979733027
267.864694265109
268.6665455856381
269.46839690616724
270.2725809384169
271.0767649706666
271.0848956145091
271.8861419152413
272.6879932357704
273.4976496379502
274.30148817533944
274.3016686687018
274.3018491620641
274.30202965542645
274.3021851582951
275.1034314590273
275.9046777597595
276.7082532702023
276.7138503666091
277.51777574005655
277.52347803583274
277.52881064462053
277.5301780611265
278.3317268794757
278.3380626430357
279.1404324577712
279.14086204884194
279.94292898227985
280.7435711698587
280.7439451105025
280.75629600261743
281.56358808202515
282.37026695794407
282.3759692387947
282.38831974968565
282.388500243048
283.1963178349151
284.0036099143228
284.804856215055
284.80510944438686
285.60665826273606
285.6129952179424
286.4153650326779
287.2223505173891
288.0270527350542
288.02723322841655
288.0356805164285
288.838050331164
289.63990165169315
290.44728132013125
290.4472812923586
291.2484412924756
291.24980870898156
292.0511412997407
292.05610418829116
292.06170091196714
292.8651901777062
292.86537067106855
292.86571825605495
293.6699022883046
293.670249873291
293.6704053761597
293.67206781286666
293.6731854405268
293.6787821642028
293.6841151560653
293.68971195376884
293.6953086619508
293.69697109865774
293.69731868364414
294.5045231634145
294.50484845251344
294.5104451081882
295.3173907338227
295.3223536094342
296.1241184997879
296.9258833901417
296.92603889301034
296.92766014161344
297.7312356520562
297.7314888813881
297.7318364663745
298.5335142080775
298.5458658983983
298.54619118749724
299.34713544912427
299.3594861005248
299.36138941670896
300.1686814961167
300.9699277968489
300.9822781683842
300.98260345748315
301.78989553689087
301.79141240977566
302.59529218855533
303.39714350908446
304.1980877707115
305.00481045615254
305.8115139755731
306.6185654421893
307.4203303325431
308.22442743417577
309.0264943676137
309.8330246386144
309.8393605223125
310.64589079331324
311.45059632304617
311.45094390803257
312.2533137227681
313.0547761757325
313.85593617584954
313.8561166692119
314.6627955451308
315.46456043548454
316.26693025022007
316.279280761111
317.0865728405187
317.88842416104785
317.8900865977548
317.89101413092186
318.69329740437314
319.49537909208397
319.5017160472903
320.3039993207416
321.1118169126087
321.1175192996952
321.9198891144307
321.92485200298114
321.925225943625
322.7275957583605
322.73994640976105
323.54188414987544
323.54225861765417
323.542632558298
324.34448387882713
324.34466437218947
325.1459106729217
325.15161296869786
325.9527729688149
326.7552293239587
327.5570806444878
327.5655294393144
327.5713374128093
328.37288623115853
328.3785885427383
329.182772574988
329.98687023268315
330.7996769430388
331.6015282635679
332.4057122958176
333.2075636163467
333.2133714967251
333.2135519900874
333.2193608446875
333.22516881818245
334.02710655829685
334.03280886987665
334.033209957921
334.83454254868013
335.6363938401051
335.6367677807489
336.4387055208633
337.2400381116225
338.0419758517369
338.8444322068807
339.6487031591497
339.6610540512646
340.46251650422903
341.2703340960961
341.2706593851951
341.27179390507456
341.2720730789819
342.07370826182296
342.87525708017216
343.67680589852137
343.6772069865657
344.4786694395301
344.4843716817501
345.2860068645911
345.2877101836866
345.293518064065
345.2939191521093
346.09637550725313
346.90290577825385
346.9082384017748
347.7125093540438
348.5149657091876
348.51536679723193
349.31730453734633
350.1186371281055
350.1239697516264
350.92875900067276
351.73581046728896
352.53735928563816
353.3393834638515
354.14330883729895
354.94524657741334
354.95057920093427
354.9519466174402
355.7558263962199
356.55746157906094
357.35939931917534
358.1611642095291
358.96279939237013
359.76404594496057
360.5661128783985
360.5714456721718
360.5730669207749
361.3743132215071
361.3800155172833
362.18095977891033
362.1812389528177
362.1817409159131
362.18707353943404
362.98853599239845
362.9890664099232
363.79061522827243
364.59246654880155
364.5924665210289
364.5926717524478
364.59287698386674
365.39481472398114
365.40014733276894
365.40547994155673
366.20754687499465
366.21599399406495
367.0178452854899
367.0193621583747
367.02469513632155
367.8316806210327
367.8374884467954
368.6390372651446
369.44067244798566
370.24455222676534
370.24495331480966
371.0468046062346
371.8481371969938
372.6500749371082
373.4517101199492
373.4640608116603
374.2659985517747
375.06763373461575
375.86888003534796
376.67263171633107
376.67316213385584
376.67849475737677
377.4796547574938
378.28349329488304
378.28519661397854
379.0863136159718
379.8881649365009
379.8962956027912
380.69866541752674
381.50012787049116
382.30392134940047
382.30962364517666
382.30997123016306
383.11152004851226
383.91539982729194
383.91574741227834
384.719627191058
385.5238112233077
386.3273867337505
386.3275919651694
387.1318629174384
387.9338006575528
388.7362570126966
388.7412199149471
388.74618280349756
388.7462746704467
389.54864448518225
389.5609951365828
390.36224168917323
391.16379050752244
391.1640696814298
391.965618499779
392.7670809527434
393.5691478861813
393.5741108538883
394.38140293329604
395.1827355240552
395.1890714077533
395.9968889996204
396.79865302673585
397.60071996017376
398.4020525509329
399.2062365831826
399.2067670007074
399.2071680887517
400.00880327159274
400.8106545630177
401.6130243777532
401.6187266735294
401.6244289693056
401.62475425840455
401.63045655418074
401.6309869717055
401.6366902228046
401.63678208975375
401.6424848877557
401.6474477298783
402.4493854699927
403.2506317707249
404.05248309125403
404.8566671235037
405.65851844403284
406.46006726238204
406.460392551481
406.46076649212483
407.26270423223923
407.2627960991884
408.0669801314381
408.86891787155247
408.8691231029714
408.86949704361524
409.67134836414436
409.6771561352919
409.6786730081767
410.4864906000438
411.28997986578287
411.29164230248983
411.291734169439
411.2934374885345
411.29903419671643
411.29959279839875
412.1014441189279
412.90338185904227
413.7046281597745
414.5063921868899
414.50659741830884
414.51193002709664
414.51192999932397
414.5123039399678
415.31406796708325
416.11561678543245
416.91716560378165
416.9295161146726
417.7310649330218
417.73602782157224
418.53697208319926
419.344264162607
419.3499664741868
419.35566878576657
419.361371279969
419.36190169749375
419.3622269865927
419.3679302376918
419.3728931262422
420.1748308663566
420.976768606471
420.97714254711485
420.97865941999964
421.7802946028407
421.79264617336827
421.7976090154909
421.8025719040413
421.8026637709905
421.8076266595409
421.8133289711207
422.61427323274773
422.6146471733916
423.4158934741238
423.4282439850147
423.43384069319666
424.23577843331105
425.0375433236648
425.83939464419393
426.64677431263203
426.64697954405096
426.6519423861736
427.4566446038387
428.25797719459786
429.0675460501004
429.86939734152537
430.6710325243664
431.47288381579136
432.27413011652357
432.2864804880589
433.094298079926
433.9015901593337
433.9139433172545
433.9149891102061
434.7222811896138
435.52404607996755
435.5242265733299
435.536577265041
435.5415409817533
436.345725014003
436.3461261020473
436.35182838289796
436.35763626327633
436.35933958237183
436.37169009326277
436.3840432511836
437.1913353305913
437.1917364186356
437.1918282855848
437.99881377029595
437.9990190017149
438.00038641822084
438.8043117916683
439.6067681468121
439.6124704583919
440.42545211048093
441.22639637210796
441.2313592606584
442.0332970007728
442.03355023010465
442.0338755192036
442.0395778149798
442.8468698943875
443.64863478474126
444.4499963367398
445.2513578887383
446.0532956288527
446.0548125017375
446.0629446048462
446.0682771997195
446.07408508009786
446.074176947047
446.88146902645474
447.6829890542872
447.68879693466556
447.69375983691606
448.49558234532924
449.29752008544364
449.29792117348796
449.29893366415973
449.30463597573953
449.30481646910187
449.3104131772838
449.3160099009598
449.3216066091417
450.12315542749093
450.9249779359041
450.92535187654795
451.72717438496113
452.52872320331034
452.53685386960063
453.3403884132199
453.34048028016906
453.3408813682134
453.34668924859176
454.1536747333029
454.95552605383205
455.75677235456425
456.56458994643134
456.56992344582955
457.3769089305407
458.17806893065773
458.1837712115084
458.9904500874273
459.80010648960706
459.8082385927158
459.81394078138
460.61777931876924
460.6233760269512
460.62897275062716
461.43052156897636
462.2323728895055
462.23246475645465
462.2327900455536
463.03662858294285
463.8384798743678
464.64033116579276
465.44157746652496
466.24312628487417
467.05050595331227
467.852270843666
468.65663043317966
469.4598609583426
469.4604195600249
469.4653824021475
470.2695664343972
471.07133132475093
471.8785358045213
472.685827883929
472.68600837729133
473.4879461174057
473.4896494365012
473.491166309386
473.49137154080495
473.49670447618666
473.4992365373101
473.5009398564056
473.5026431755011
473.5030171161449
474.30741469062497
475.1091795809787
475.1095271659651
475.1152294775449
475.1155086514523
475.12084126024007
475.12617395415316
475.1264531280605
475.1267323019679
475.9282811203171
475.93398341609327
475.9343845041376
475.9400868157174
475.94017868266656
476.74172750101576
476.74732422469174
477.54917554522086
477.5495494858647
478.3568415652724
479.15869288580154
479.16031413440464
479.16601643018083
479.96756524853004
479.96926856762553
480.77081738597474
481.57206368670694
482.37443350144247
483.1761983917962
483.18116123391883
483.98301255444795
484.7853823691835
484.791190140331
485.59355995506655
485.5939610431109
486.3954234960753
487.1968859490397
487.99873724046466
488.8001996934291
489.6013596935461
489.60706197439674
490.40830827512895
490.4085135065479
490.41432137170546
490.42245203799575
490.4277845469269
490.4281584875707
491.2294910783299
491.23529894348746
492.0371502640166
492.0371502362439
492.04950060777924
492.8511357906203
493.65467033423954
493.65963322279
494.4615709629044
494.4665338651549
495.2677801658871
495.26929703877187
495.274629547703
496.0764808682321
496.8784186083465
496.8841209199263
497.68528092004334
497.6902438085938
497.6906448966381
497.6959778320198
497.7016800742398
498.503228892589
498.509564656149
499.3114159766781
500.11378579141365
500.9144279789925
500.9267786707036
501.7291484854391
502.53533125563445
503.3391697930237
504.1436725256736
504.9455238462027
505.74737516673184
505.75270777551964
506.5562423191389
507.3582229120691
508.1600742325982
508.96192555312734
509.76921763253506
510.57076645088426
510.5769966790275
511.3812676312965
511.3862305990035
512.1885140084198
512.9917445335827
513.7942008887266
513.7999031845028
514.6011494852349
514.6021619759067
514.6022538428559
515.403198104483
515.4089004160628
516.2124759265056
517.0137222272377
517.8160920419733
518.6232965217437
519.4251478422728
519.4252397092221
520.2271774493364
520.2357302005595
520.2413269087414
521.045510940991
521.0456914343533
521.0458719277157
521.8494474381584
521.8497950231448
521.850546680406
521.8507999097378
521.8510051411567
521.8527084602522
522.656283970695
522.6564394735636
522.6566447049826
522.6569922899689
523.4582385907011
524.2597874090503
524.2611548255562
524.2667524703468
525.0703279807896
525.8745120130392
525.8746925064015
525.8803948179814
526.684578850231
527.4858683760151
528.2900524082647
528.2957198574811
528.3006827414648
529.1076867275406
529.9112622379834
530.7154172912852
530.7203802589922
530.7205854904112
531.5218317911433
532.3230493229509
532.3287516134592
532.3344538943098
533.1360027126591
533.9378540331883
533.9434507413702
533.9491529300344
534.750370461842
535.5526538712583
536.3539001719904
536.3543012600347
537.1585740080865
537.9682304102662
537.9707624713897
538.774297015009
538.7760003341044
538.7763256232034
539.5781769437326
540.3797257620819
540.3853224702638
541.186871288613
541.9887226091422
542.7960146885499
542.801611291718
542.8065740942632
542.806948034907
543.6111320671566
543.6167287908326
544.4186665309469
545.2206042710612
545.2207597739299
545.2260932733282
545.231425882116
546.0327154079001
546.0328709107688
546.8363601765078
547.6381242036232
548.4396297109579
549.2413937380733
550.0455777703229
550.0464726482793
550.0522805134368
550.0524610067991
550.053977879684
550.0556811987794
550.8602137556269
551.6619777827423
552.4629220443693
553.2638663059963
554.0651126067285
554.0664800232344
554.8674242848614
555.6680664724402
556.4690107340672
556.4692159654861
556.474812673668
557.275756935295
557.2759374286574
558.0771837293895
558.0827804375714
558.8850637110227
559.6869150024477
560.4881613031798
561.2899261935336
561.291629512629
561.2933328317245
561.305684402252
561.3113865909163
562.1123308525433
562.1176634613312
562.9187804633244
562.9191057524234
563.7204383431826
563.7261406240333
563.7318429198095
563.7375461709086
564.5399159856441
565.3412485764034
566.1431574982298
566.945008818759
566.9503417541407
566.950341726368
567.7527115411036
568.5545340495167
568.5549079901606
569.3566440745705
569.3570451626148
569.3574462506591
569.3578473387034
570.1596986592326
570.1599518885645
570.1605104902468
570.1608357793458
570.1693893604843
570.1698913235797
570.9722611383153
571.7765320905843
571.7823400640792
571.7946916346068
572.5964565249606
573.4036610047309
573.4086238932813
574.2095681549083
575.0107281550254
575.0111292430697
575.8134990578053
576.6144433194323
576.6147909044187
577.4165557947724
578.2184070861974
578.2188839428775
579.0208216829918
579.0211692679782
579.0213247708468
579.8236081802631
580.6251569986124
581.4278729599381
581.429240376444
582.2310044035594
582.2366011866295
582.2421979103054
583.044567725041
583.0495306135914
583.0576611187875
583.8595124102125
583.8653202905908
584.666566591323
584.6723743624705
584.6724662294197
585.4748360441553
586.2766873646844
587.0794898336744
587.8808226666569
588.6823426944893
589.4887860893637
589.4889913207826
589.4905081936674
589.4909092817118
590.292760602241
590.2929161051096
590.2947800152917
590.2949605086541
590.3005571118222
590.3062593926728
591.1074193927899
591.9080615803687
592.7087037679474
592.7140363767353
592.719369312117
593.5209181304663
594.3224669488155
595.1240157671648
595.9251757672819
595.9253312701505
595.9266986866564
595.9273913382763
596.7283355999033
597.5351312855361
598.3380202709957
599.1392665717278
599.1396676597722
599.1446305483225
599.1495934368729
599.1499673775168
599.155669566181
599.1612666178243
599.9654506500739
600.766696950806
601.5680295415652
601.5738374219436
601.5739929248123
602.3759306649266
603.1771769656588
603.1821398542091
603.1871026963317
603.1873079277507
603.1874634306193
603.9887960213786
603.9890012527975
604.7902475535296
605.5975396329374
606.3990884512866
607.2009397718158
608.0015819593946
608.0069144683257
608.007094961688
608.8085574146525
608.8141541228343
608.8144332967418
609.6162846172709
609.6164651106333
609.6166456039956
609.621608492546
610.4228547932781
611.2263893368975
612.0273767427932
612.8292280633224
612.8295935846697
613.6313584750235
613.6363213635739
613.6367224516182
614.4401254715716
614.440473056558
614.4460697647398
615.2537997814031
615.2542008694475
615.2544061008664
616.0673877529554
616.0759422063177
616.8855986084974
617.6952550106771
618.4994390429267
618.5079926001509
618.5133255920134
618.5189223001953
619.322613728805
619.3227942221673
619.3230733960747
620.1271704977074
620.9289353880612
621.7302679788204
621.7426183503557
622.5468023826053
623.3537878673164
623.3541618079603
624.1557969908014
624.9571295815606
624.9694802329611
624.969854173605
624.9714754222081
625.778154298127
626.5854463775347
626.5910430857166
627.3928079760703
627.3985102876502
627.4034731762006
627.4158238276011
627.4207866697237
627.426488858388
627.4266443612566
628.2339364406644
629.0362198500807
629.0419221458569
629.0432895623628
629.0436906504071
629.0438958818261
629.0449083724978
629.8490924047475
629.8546891284234
629.8596520040348
629.8597438709841
629.8720945223846
630.6733408231167
631.4751057134705
631.4788630287759
631.4790185316446
632.2832894839136
632.2888860870817
632.2946938582292
633.1075005685848
633.1075005408121
633.1132027294764
633.9150540500056
633.9200169385559
633.9257191272202
634.7275704477494
635.529940262485
635.5316435815804
636.3355233603601
636.3370402332449
637.144857825112
637.9467091456412
637.9468896390035
637.9525919347798
638.7538382355119
638.7553551083968
639.5626471878045
639.5676100763549
640.369461396884
640.3696168997527
640.3697087667019
640.3706023609531
640.3829527324883
640.3831332258507
640.388096114401
641.1919758931807
641.9932221939129
642.7971019726925
643.6067583748722
643.6191101055084
643.6192019724576
643.6193574753263
643.6218895364498
643.6218895086771
644.4260735409267
645.2388802512824
646.0400402513994
646.0408112436427
646.8423600619919
646.8425405553543
647.6440893737035
648.4502721438988
648.4519345806058
649.2596645972691
649.2653667859333
649.2739195371564
649.2739195093837
649.2788827541488
649.2790382570174
650.0802845577496
650.0852475254566
650.8867963438058
650.8870015752248
650.8872068066437
651.6941922913549
651.6943975227738
652.495730113533
652.5014324251129
653.3110888272926
654.1124214180518
654.1187573194754
654.9229413517251
655.7247062420788
655.730408537855
656.5369388088558
656.5426410897064
657.3499331691141
657.3500250360634
658.1519627761777
658.9526049637565
659.7544562842857
659.7546117871543
660.5592308407421
661.3610821612713
661.3667843499355
662.1680306506677
662.9698819711969
662.9702564389756
662.9704616703946
663.7728314851302
664.5770155173798
664.5783829338857
665.3795429340028
665.3797234273651
666.1837347094361
666.1846283036872
666.1859957201931
666.1876581569
666.9892069752493
666.9941698637997
666.999872159576
667.0055745466624
667.0105374352128
667.0107179285751
667.8125692491043
668.619861328512
669.4211076292441
669.4268099250204
669.4269017919696
669.4318646340922
670.2331109348244
670.2412414400204
671.0479203159393
671.8497716364685
671.8551042452564
672.6623963246641
673.4639451430133
673.4641983723452
673.4765487438805
674.2777950446126
674.278142629599
675.0793889303311
675.8865934101015
676.6907774423511
677.4980695217588
678.3001364551967
679.1031111000999
679.1087078082818
679.910559128811
679.9107396221733
679.9109201155356
680.7182121949434
680.7186132829877
681.5199458737469
681.5202934587332
682.3215397594654
682.3219142272442
683.1260982594938
683.9308037892267
684.7325678163421
685.5366654740372
686.3436509587484
686.3438064616171
686.3487693037397
686.3489745351586
687.1531585674082
687.9550098879374
687.9552151193564
687.9555404084554
688.765021716323
689.5746781185027
690.376961391954
690.3826636728046
691.1893425487235
691.1897170165023
691.9920868312379
692.0044372027731
692.8086212350228
692.8087767378914
692.8141094318045
693.6214015112122
693.6337520221032
693.6393487302851
694.4466408096928
695.2542540428458
696.0554140429629
696.0611163387391
696.8623626394713
696.8624545064205
697.6637870971797
697.669120596578
697.6694681815643
698.482012455232
699.2835612735813
699.2897920381679
699.291413286771
699.2963761623824
700.0980113452235
700.0983589302099
700.1039556383918
700.905288229151
700.9056358141373
700.9063284657572
700.9125587779881
700.9187889723033
700.924491253154
700.9307214812973
700.9364236699615
701.7410422937547
702.543325703171
702.5489224113529
702.5492477004519
702.5509510195474
702.5511562509663
702.5564889309645
703.3586858176175
704.1603635593206
704.1666995286926
704.1672325079643
704.9692131008945
704.9741759430171
705.7777104866365
705.7780844272803
706.5802813139333
706.5806288989196
707.3829987136552
708.1847636040089
708.9860099047411
709.7953161243737
710.597253864488
710.5974343578504
711.4047264372581
712.2062752556074
713.0081265761365
713.8099778966657
714.612261306082
714.6172242083326
714.6174294397515
714.6175213067007
715.41907012505
715.4248780054284
715.4311093693453
716.2320536309724
716.2377559267486
717.0419399589982
717.0421451904172
717.8444285998335
718.6517206792412
718.6519259106601
718.653293327166
718.6588900353479
718.6591692092553
719.4609332363707
720.2622658271299
720.2625450010373
720.2675078895877
721.0687541903199
721.8760462697276
722.6772062698446
722.6821691119673
723.4838468536703
724.2850068537874
725.0863394445466
725.8881907650758
726.689437065808
726.6952448369555
727.4964911376876
727.5018237464755
728.3085026223944
729.1103539138194
729.1227045652199
729.9268885974695
730.7293449526134
730.7297188932572
730.7346817955078
730.7400144042956
731.5469998890068
731.5519627912573
732.3532090919895
733.1601945767006
733.9618723184037
733.9675745992544
734.7688208999865
734.7773736512096
734.7783861418814
734.7793986325531
735.5835826648027
736.3853475551565
736.3862411494076
736.3866150900515
736.392845854638
736.393051086057
737.1943836768162
737.2000858962091
738.0019372167383
738.8034860350875
739.6076700673372
740.4095213878663
741.2113727083955
742.0152112457847
742.0275617566757
742.0278409305831
742.0328046472955
742.8344823889986
742.8401847611592
743.6417335795085
743.6480694632066
743.6483743238327
743.6544637547703
743.6605533006926
743.66615000371
743.6675174202159
744.4696856059951
744.4753878868457
744.4810902388127
744.4860534835777
744.4917558557383
745.2938375434492
745.2988004319996
745.2989809253619
745.2991614187242
745.2993666501432
745.3043295386935
746.1110084146125
746.1159712103077
746.1209340988581
746.1258969874085
746.1260774807708
746.131040283316
746.1360031718664
746.9372494725985
747.7378916601773
747.7380721535396
748.5393184542718
748.539410321221
749.3460891971399
749.3461810640891
750.1500608428688
750.9536363533116
750.953915527219
751.7574910376618
751.7591943567572
752.5627698672
753.363714128827
754.1672896392698
754.167381506219
754.1723443947694
754.9735906955016
755.7777747277512
755.7780539016586
756.5793002023908
757.3804602025078
758.181792793267
758.181998024686
758.9852285498489
758.9854337812678
758.9856390126868
759.7874039030405
760.5915010046732
761.3930498230225
761.3983828148849
761.3997502313908
762.200996532123
763.00194079375
763.0021212871123
763.0077179952942
763.0093392438973
763.0095444753163
763.8107907760484
764.6143662864912
764.6229207398535
764.6232460289525
765.4297762999532
766.2315403270686
767.0327866278008
767.0329918592197
767.8347558863351
767.8433086375582
768.6442528991852
768.6527000182555
768.6528805116178
768.6530857430367
768.6534333280231
769.4549821463723
769.4599458630847
770.2638256418644
771.0644678294432
771.8722854213103
772.6735317220424
772.6737369534613
772.6741380415057
772.6746684590304
772.6746684312577
772.6748239341264
772.674979436995
773.4767434641104
774.278680583203
774.2798887223702
775.0833833163745
775.0919360675975
775.1004891367085
775.9046731689581
776.7056174305851
776.7063884228284
777.5129186938291
778.3171027260787
779.1183492786691
779.1246851623673
779.1248903937862
779.9291613460553
780.7304076467874
781.5315676469045
781.5379035306026
782.345108010373
783.1470457504873
783.9488970710165
783.9499095616883
783.9503106497326
784.7526804644682
785.5600601329063
786.3675248024924
787.1742036784113
787.9814081581817
788.7855921904313
788.7860972429651
789.588899711955
789.5944964201369
789.5952674123802
789.6009706634792
789.6066739145782
790.4079202153104
790.4137280956887
790.4194304678493
790.4251327636256
790.430835150712
791.2320814514442
791.2324290364305
791.2326095297929
792.034460850322
792.040163202289
792.0458654980653
792.0515678851517
792.057270180928
792.0576446487067
792.0592658973098
792.8665579767176
792.8667632081365
792.8724655039127
792.8728399716915
792.8732144394703
792.8735889072491
792.8739633750279
792.8796656172478
792.8853688683469
792.8910715750316
792.8920630883199
792.8977657800779
792.9034680758541
792.9091707676121
792.9148740187111
792.916241435217
792.9285920866175
793.7326897443127
793.7329689182201
794.5342152189522
794.5399175147285
794.5456197033927
794.5579703547933
795.365262434201
796.1725545136087
796.172554485836
796.9766521435312
797.7784170338849
797.7846473461159
797.7903495347801
797.791716951286
797.7974191399503
798.5989679582996
798.6113186500106
798.6170208922306
798.6227231880068
799.4242720063561
799.4299742485761
799.4305328502584
799.4358654590462
799.4415677548225
799.4472699970424
799.4529722928187
800.2542185935508
800.2546196815952
801.0561684999444
801.860352532194
801.8605330255564
802.6623843460856
802.6680870527703
803.4710616976735
804.2783537770812
804.2845840893121
804.2895470570191
804.2897275503815
804.2914308694769
805.092590869594
805.0975537581444
805.8993186484981
805.8998237010319
805.9000041943942
805.9003517793806
805.9059483825487
805.9116507345157
806.7157483922108
807.5172972105601
808.3188460289093
808.3192204966881
808.3249228688487
808.330625164625
808.3311555821497
808.3314808712487
808.3371832583351
808.3421461468855
809.1433924476177
809.1490946898376
809.9503409905698
810.7515872913019
810.7517925227208
811.559172191159
811.5605396076649
811.5609140754436
811.5671443876746
812.3689957082038
812.3748035885822
812.376171005088
812.3818731937523
813.18916527316
813.9911458660903
813.9961087546407
814.7976575729899
815.6049496523976
816.4061959531298
817.207744771479
818.0092935898283
818.0149957784926
818.0151762718549
818.8169411622086
819.6181874629408
819.6185350479271
819.623498002695
819.623823291794
819.624148580893
819.6327015037174
819.632857006586
819.6381895155172
819.6439973958956
819.6496995845598
819.6513620212668
819.657064317043
819.6572448104054
820.4646244788435
821.2664757993726
821.2666313022413
821.2715941907917
821.2719194798907
822.0761904321597
822.0771693309297
822.0772611978789
822.8814452301285
822.8831076668355
822.8832881601978
823.6856579749334
824.495226830436
824.5009291262122
824.5067370065906
824.5069422380095
824.5070977408782
824.5072532437468
824.5082657344186
824.5138624374359
825.3159293708738
825.3169751638254
826.1188264843546
826.9230105166042
827.7245593349535
827.7302616158041
828.5317240687685
828.5374263645448
828.5384388552166
828.5385943580852
828.5389196471842
829.340684537538
829.3462812457199
830.1477436986843
830.1527065742957
830.9549034609487
831.7590874931983
831.7593666671057
831.7595718985247
831.7652742856111
831.7709765813873
832.5732599908036
832.5782231830482
832.578597650827
833.3804489713561
833.3866793841074
833.387725177059
833.3878170440082
833.3879089109574
833.3896122300529
833.3897677329215
833.3947306214719
834.1969275081249
834.2026297889755
835.0046967224134
835.0049019538324
835.8058462154594
835.8116539866069
835.8173561752711
835.8223191429781
835.8272820315285
836.6293489649664
836.6297500530108
836.6350826617986
836.6407850339592
836.6410642078666
837.4429155283958
838.2446804187496
839.0482559291924
839.8498047475416
839.8547676231531
839.8604698118173
839.866172092668
840.6675046834272
840.6732069256472
840.6789091678671
840.6792836356459
841.4833807372786
841.4890829259429
841.4946796341247
841.5070302855253
841.5127325277452
841.5176954162956
842.3249874957033
843.1268388162325
843.1325410970832
843.9343924176123
843.9427342470784
844.7500263264861
844.7583681559522
844.7667099854183
845.5707212674893
846.3747325495602
846.3803293326304
847.1821806531595
847.1823858845785
847.9868315726095
847.9917947914948
847.9920739654023
847.9977762611785
847.9993975097816
847.9995530126503
848.8036511776311
849.6048974783632
849.6050529812319
850.4090642633029
851.2114340780385
851.2171367548698
852.018685573219
852.0243877618833
852.8283990439543
852.8286782178617
852.8343805136379
852.8345857450569
853.636437065586
853.6379539384709
854.439200239203
855.2410515597322
855.2472823243188
855.2474875557377
855.253189744402
855.2533702377643
855.2550326744713
856.0565814928206
856.0567369956892
856.0690876470898
856.0692431499584
856.0692431221858
856.0701367164369
856.8740164952166
856.8743909629953
857.6757235537546
858.4776612938689
859.280031215457
860.0818825359862
860.0820877674051
860.8840255075195
861.6914051759576
861.6916104073765
861.6973126882272
862.5046047676349
862.5047602705035
862.5050855596025
863.3069368801317
864.1087882006609
864.1087881728882
864.109162640667
864.9107114590163
865.7125627795455
865.7182654563768
865.7268184045198
866.5310024367694
867.335186469019
867.3353419718877
867.3403048474992
867.3460071432754
867.3463810839193
867.3467286689056
868.1485799894348
868.1499474059407
868.9569328906518
869.7642249700596
870.5715170494673
870.5764799380177
870.57666043138
870.5823627271562
870.5825679585752
871.3843328489289
872.1853202548247
872.9870851451784
872.9875901977122
872.9879377826985
872.9936400635492
873.7945843251762
873.8069348360672
873.8126371318434
873.8183398385281
873.8236724334014
873.8286353219518
874.630486642481
874.6361889382572
874.637705811142
874.6377057833694
874.6378862767317
874.6432188855196
875.4474029177692
876.2515869500188
877.0538703594351
877.8557216799643
877.8573841166713
877.85775858445
878.6589185845671
878.6646208654178
878.6649684504041
879.4668197709333
879.4725220667095
879.4774849552599
879.4778594230387
879.4828223115891
879.4909529778794
879.4919654685511
880.2938167890803
881.0961866038159
881.9000251412051
881.9004262292494
882.7039607728688
882.7041162757374
882.7042717786061
882.7054799177732
883.5126843975436
883.5140518140495
884.3159031345787
885.1177544551078
885.1263074032508
885.1348604484493
885.9364092667986
885.941372155349
885.9427395718549
885.9429448032738
885.9479076918242
886.7498454319385
886.7555477277148
887.556880318474
887.5572279034603
887.5579205550802
888.3592531458394
888.3596007308257
889.1637847630753
889.1761351346106
889.9803191668602
890.7821704873894
890.7829414796327
891.5844902979819
891.5900870061638
892.3973790855715
893.2046711649792
893.2132239162023
893.2134044095646
893.2135599124333
894.020851991841
894.82753086776
895.6294686078743
896.4313199284035
896.4315991023109
896.4326115929827
896.4411643442057
896.4467610523876
896.4591114239229
897.2632954561725
897.2649167047756
897.2652906454194
898.0694746776691
898.8710234960183
899.6729612361327
899.681514158957
899.6900676922671
900.4942517245167
900.5066024162278
901.3077624163449
901.3127256611099
901.3190614246698
902.1287178268495
902.9359223066199
902.9408860233323
903.7450700555819
904.5460143172089
905.3472606179411
906.1514446501907
906.9523889118177
906.9539057847026
907.7585244084958
908.5627084407454
908.5640758572513
908.5642563506136
909.3684403828632
910.172015893306
910.1805687922184
910.984752824468
911.7870362338844
911.7951669001746
911.795347393537
911.8010496893132
912.6042802144761
912.6051738087273
912.6175244601278
913.4303311704834
913.4426818621945
914.2499739416022
915.0538537203819
915.8561371297982
915.8569081220414
915.8579206127132
915.8642563762731
916.6660204033885
917.4733124827962
917.4734929761586
918.2753442966878
918.2763231954577
919.0775694961899
919.878815796922
920.6861078763297
921.4878719034451
922.2917516822248
922.2927641728966
923.0963396833394
923.1021474544868
923.9060272332665
923.9070397239383
924.7086749067794
925.5100074975386
926.3113400882978
927.1132778284122
927.1140488206554
927.1143964056417
927.1193592941921
927.923862026842
927.9362126782426
928.7435047576503
929.5482102873832
929.5483657902519
930.3525498225015
931.1618560421341
931.1704090873326
931.9777011667403
931.9832978749222
932.7905899543299
933.5947739865795
933.5949294894482
933.5951347208671
934.4047911230468
934.4061585395527
934.4065061245391
934.4121741145972
934.4245246254882
935.2254688871152
936.0264131487422
936.829988659185
937.6341726914346
938.4383567236843
938.444059430369
938.4442967514144
938.4499994580991
939.2514186287054
939.2523975274754
940.056581559725
940.0575940503968
940.8613434310598
941.6655274633094
942.4751838654892
943.2789355464723
943.2799480371441
943.281464910029
943.2824438087989
943.2909967569419
943.296700008041
944.1007971096736
944.1066054090892
944.1123081157739
944.1208611848848
944.9273914558855
944.9330941625702
944.9341399555218
945.7365097702574
945.7378771867633
945.7386481790065
946.5428322112562
947.3464077216989
947.3522160211145
947.3539193402099
947.3596216359862
947.3658519482171
948.1696013288802
948.9736984305129
948.9740995185572
948.9746299360819
949.7788139683315
949.7797928671015
950.5875228837648
950.5959700873053
950.6045230354483
951.4107058056436
952.2125571261728
953.0167411584224
953.0168966612911
953.8210806935407
954.6246562039835
954.6250306717623
954.6252359031812
954.6254411346001
955.4296251668497
955.4419756777407
955.4425060952655
956.2466901275151
957.0539822069228
957.0543074960218
957.8615995754295
957.8617800687919
957.8619355716605
957.8634524445454
957.8691551512301
958.6710064717593
958.6766031799411
958.6823053686054
959.486489400855
960.2906734331046
960.2992263812476
960.304189269798
961.108894799531
961.1096657917742
961.9138498240238
961.9219804903141
961.9227514825574
961.922906985426
962.7270910176757
963.5289423382048
963.534539121275
963.5468897726755
964.3565461748552
965.1577061749723
965.9614996538816
965.9673075342599
965.9736434012174
965.9746222999873
966.7813011759063
966.7816487608926
967.5883276368115
967.5968803880346
968.3985581297377
969.2058502091454
970.0155066113251
970.015711842744
970.0160594277304
970.0176806763335
970.8197476097714
971.6209939105036
971.6213683782823
971.6229896268854
971.6286923186434
972.4300249094026
972.4301804122713
972.4318837313667
972.4374803345348
972.4424432367854
973.2436895375175
973.2453107861206
973.245658371107
973.2513606668832
974.0587403353213
974.0710919058489
974.0774276694088
974.0776081627712
974.8799779775068
974.8809568762767
974.8895099453877
974.8896018123369
975.6910642653013
976.4934340800369
977.2981396097698
977.2983201031321
977.299687519638
977.3000351046244
977.3002403360433
978.1021780761577
978.9039429665114
979.706312781247
979.7064682841157
980.5087515575669
981.3125032385501
981.3126587414188
981.3183611285052
982.1207309432408
982.121939082408
982.1220945852766
982.923858612392
983.7257957314846
984.5278626649225
985.3290226650396
985.3306851017466
985.3360186011448
986.1383884158804
986.9396347166125
986.9453370281924
986.9510393239686
987.7522856247008
987.753056616944
988.5543029176762
989.3555492184083
989.3559236861871
989.3608865747375
989.3610420776062
989.3626633262093
989.3676261683319
989.3725890439433
990.1804066358104
990.1853695114219
990.1867369279278
990.9934158038467
991.7952670952717
992.5994511275213
992.5996316208837
992.604594416579
993.4069642313145
994.2088155518437
994.2173684507561
994.2227009596872
994.2350516110878
994.2408594762453
995.0421057769775
995.0428767692207
995.8441230699528
996.6514151493606
997.4592327412277
997.4594379726466
998.2618077873822
999.0690998667899
999.8763919461976
999.8771629384408
1000.6789278287946
1001.486132308565
1002.2878971989187
1002.2882020595448
1002.288973051788
1003.0928962994503
1003.0939420924019
1003.1002779761001
1003.1059806827848
1003.1109435249074
1003.9127948454366
1004.7151646601721
1005.5164109609043
1006.3182622814335
1007.1206320961691
1007.9223969865228
1008.7265810187724
1009.5307650510221
1010.3331348657576
1011.1404269451654
1011.9422494535785
1012.7441007741077
1013.5459520946368
1013.5476554137323
1013.553358120417
1013.5619110193294
1013.562066522198
1013.5706194450224
1014.3725571851368
1014.3741784337399
1014.3751573325098
1015.177008653039
1015.1828165334174
1015.9845814237711
1016.7892869535041
1017.5934709857537
1018.3948325377522
1018.3950377691712
1018.3960502598429
1019.1978151501967
1019.9995800405504
1020.8013449309042
1021.6028504382389
1021.6031757273379
1021.6033562207002
1021.6048730935851
1022.4062922641914
1023.2072365258184
1024.0095197992698
1024.8223265096253
1025.626510541875
1025.632212730539
1025.6323932239013
1026.439685303309
1027.2438693355587
1027.2440498289209
1027.244820821164
1028.0486593585533
1028.850424248907
1029.6522173652615
1030.4564013975112
1030.4567489824976
1030.4582658553825
1031.2656455238205
1031.2658260171827
1032.0700100494323
1032.07534265822
1032.077005094927
1032.0827073907033
1032.0830549756897
1032.0883874846209
1032.0889460863032
1032.8962381657109
1033.698103621421
1033.6985047094654
1034.5000102168
1034.5001907101623
1035.30748278957
1035.3076382924387
1035.3129709012264
1036.117154933476
1036.9244470128838
1036.9301493244636
1037.7337248349065
1038.5431208180075
1039.3446696363567
1039.3460370528626
1039.3464115206414
1040.1501186791083
1040.9512786792254
1041.7525249799576
1042.5543763004866
1042.5600785427066
1043.3619298632357
1043.3676325699203
1044.174924649328
1044.978674029991
1044.9788207959014
1044.9873737187256
1044.995820837796
1045.0015235444805
1045.8033748650096
1045.8043873556815
1045.81251804574
1046.6139372163464
1046.6196394585663
1047.4214907790954
1047.4264536547068
1047.4388043061074
1048.2407420462218
1048.2434115663932
1049.0447010921773
1049.045075559956
1049.0477450801275
1049.8513640657325
1049.8599169885567
1049.8606879807999
1049.8730384916907
1049.8815914398338
1050.6886207278658
1050.6948510400969
1051.4971344495132
1052.3048644661765
1052.310567172861
1053.1123744805593
1053.9139232989085
1053.919626005593
1053.9200270936374
1053.9257293841458
1053.9310623760084
1054.735246408258
1054.7354019111267
1055.5366482118588
1055.5423504540788
1056.3488145923357
1057.1523901027786
1057.1580922914427
1057.9648149768839
1057.964995470246
1057.9699583587965
1057.975661065481
1057.9758165683497
1057.9761641533362
1058.783456232744
1059.585307553273
1059.5910102599576
1059.5913355490566
1060.3934024824944
1061.196089579644
1061.2046440330062
1062.0108268032016
1062.8126781237306
1063.6145294442597
1063.6158968607656
1063.6168757595356
1064.4203650252746
1064.4205205281432
1065.2300001850956
1066.0312464858278
1066.0329498049232
1066.8344986232723
1066.83983123206
1066.8398312042875
1067.642201019023
1068.4450900044826
1069.2492740367322
1069.2496751247766
1069.2553774205528
1069.2570807396482
1070.0594505543838
1070.065259408984
1070.0656338767628
1070.0670012932687
1070.0671567961374
1070.0721205128498
1070.0723257442687
1070.8746955590043
1071.6770653737399
1072.4809039111292
1072.4858667996796
1072.4860472930418
1072.4910110097542
1072.4926734464611
1072.49287867788
1072.5052290494154
1072.5060000416586
1073.3095755521015
1073.3109429686074
1074.1205993707872
1074.930255772967
1075.732107093496
1076.5336271213284
1076.5340015891072
1077.3412060688777
1078.1430573894067
1078.1434318571855
1078.9476158894352
1078.9483868816783
1078.9491578739214
1079.7526924175406
1079.757655306091
1079.7582139077733
1080.5604684742077
1081.362751883624
1081.3635228758671
1082.1673614132565
1082.1688782861413
1082.1812287970322
1082.1897817198565
1082.190129304843
1082.190900297086
1082.9921465978182
1082.9971103145306
1083.002073190142
1083.8061708478372
1084.6084542572535
1084.6086097601221
1085.4109795748577
1086.2129173149722
1086.2130728178408
1086.2254236696442
1087.0321025455632
1087.8344723602988
1087.8354512590688
1088.6378210738044
1088.6393379466892
1088.6516896773253
1089.4529359780574
1089.453091480926
1090.2543377816583
1090.2601456620366
1091.0607878496155
1091.0657510943804
1091.8665659025276
1092.6707499347772
1093.4725139618927
1093.4732849541358
1094.2742292157627
1094.2750002080058
1095.0791842402555
1095.880948267371
1096.6827995879
1096.6883962435747
1097.489211051722
1097.4949137584065
1097.4950056253556
1097.5003386172182
1097.501706033724
1098.3028660338412
1098.30307126526
1099.1102757450305
1099.1105549189379
1099.1122173556448
1099.1171801779788
1099.117459351886
1099.1182303441292
1099.9254348238996
1100.732420308611
1101.5396247883814
1101.5398052817436
1101.5399607846123
1102.349617186792
1102.3499647717786
1103.1512110725107
1103.9535808872463
1104.7554322077754
1104.7557797927618
1105.5576311132909
1105.5586100120609
1106.3624485494502
1107.1642998699792
1107.1692627455907
1107.1702416443607
1107.170241616588
1107.175943858808
1107.1816461545843
1107.985830186834
1108.787681507363
1109.5894463977168
1110.3912977182458
1111.1985897976535
1111.1993607898967
1112.0009096082458
1112.8050936404954
1112.8107959362717
1113.6120422370038
1114.4138071273576
1114.414154712344
1115.2183387445937
1116.0256308240014
1116.0305937125518
1116.0322561492587
1116.8341074697878
1117.6375104897413
1117.6376909831035
1118.4400589327809
1118.4486118316934
1118.4609622032287
1118.4617331954719
1118.462504187715
1118.4748548391156
1118.480557226202
1118.4813282184452
1119.2825745191774
1119.2911274420017
1119.2924948585076
1119.2926503613762
1120.0972689851694
1120.0975315882133
1120.8987778889455
1120.8989583823077
1120.9004752551925
1120.9061775509688
1121.7103615832184
1121.7153244717688
1121.7155297031877
1122.5251861053675
1122.5255600460114
1122.5312623417876
1122.5315876308866
1122.5323586231298
1123.3360500517394
1123.3364239923833
1123.3379408652681
1123.3387118575113
1124.142591636291
1124.94927051221
1125.7565625916177
1125.7575750822896
1126.5615863643604
1127.3630055349668
1128.1648568554958
1128.966103156228
1128.9710659519233
1129.7728299790388
1130.5770140112884
1131.381198043538
1132.1824443442702
1132.9842956647992
1133.7884796970488
1133.7941820086287
1133.7955494251346
1133.7969168416405
1133.8054697644648
1133.8064486632347
1133.814579329525
1134.6242357317049
1135.4284197639545
1136.232603796204
1137.0338500969362
1137.8376435758455
1137.8390109923514
1137.8475639151757
1137.8561166663987
1137.8577791031057
1138.6593279214549
1138.659508414817
1139.4636924470667
1139.4693951537513
1139.4697427387378
1139.4698982416064
1140.2734737520493
1140.2820265032724
1141.086210535522
1141.8884939449383
1141.8892649371815
1141.894967643866
1141.9006699396423
1141.9014409318854
1141.90714363857
1141.9079146308131
1141.9128775193635
1141.9136485116067
1141.9193517627057
1141.924315479418
1141.9292783679684
1142.7305246687006
1142.7320415415854
1142.7376382497673
1143.5387982498844
1144.3405631402381
1144.352913651129
1145.1570976833787
1145.9586465017278
1146.7604113920816
1146.7611823843247
1147.5653664165743
1147.5655716479932
1148.3733892398602
1149.1743335014871
1149.1866841528877
1149.9876284145146
1149.999979065915
1150.0016003145183
1150.8051758249612
1151.6063358250783
1152.4141534169453
1152.4265040683458
1153.2285710017836
1153.2293419940268
1154.0314089274646
1154.043759578865
1154.8510516582728
1154.851822650516
1155.6590271302864
1155.6592076236486
1156.4688640258285
1156.46990981878
1157.2714586371292
1157.2838092885297
1157.2895115693802
1158.0936956016299
1158.0939008330488
1158.0955632697558
1158.1013711501341
1158.1014630170832
1158.101618519952
1158.1019929877307
1158.9043628024663
1159.7067326172019
1159.7148632834922
1159.7150187863608
1159.7163862028667
1160.5260426050465
1161.333247084817
1162.1405391642247
1162.1415849571763
1162.1465478327877
1162.1515107213381
1162.9533332297513
1163.7546658205104
1164.5559984112695
1165.357936151384
1166.1652282307916
1166.1736754343322
1166.1744464265753
1166.9816509063457
1166.9900997011723
1166.9950625897227
1166.995243083085
1167.0002059716353
1167.807498051043
1168.6147025308135
1168.6148580336821
1168.6149499006312
1168.6205466088131
1169.4224843489276
1169.427447237478
1170.2316312697276
1170.2320057375064
1170.2369689822713
1170.2386314189782
1170.2443337147545
1171.0516257941622
1171.8528720948943
1172.6547234154234
1172.6604266665224
1173.4616729672546
1173.4618534606168
1174.2637912007312
1175.0656425212603
1175.0719784049584
1175.0729573037283
1175.0786594923925
1175.0788149952612
1175.0845172761117
1175.0850476936364
1175.8859919552633
1176.6879296953778
1176.688700687621
1176.6904040067163
1176.6953668952667
1176.703919818091
1177.5062896328266
1178.3099086184316
1179.1134841288745
1179.1220370516987
1179.1277396977987
1179.1278952006674
1179.1289076913392
1179.1302751078451
1179.9321264283742
1179.9337888650812
1179.9423433184434
1179.9425238118056
1179.9432948040487
1180.7468703144916
1181.5510543467412
1181.55918644985
1181.564888638514
1182.3690726707637
1182.3746697818049
1183.176521102334
1183.977767403066
1184.7795322934198
1185.5812971837736
1185.5823429767252
1186.384107867079
1187.1858727574327
1187.190836474145
1187.197172237705
1187.9989371280587
1188.8030342296913
1188.8040131284613
1188.8043148871277
1189.6060797774815
1189.612415644439
1189.6126948183462
1189.6137406112978
1189.6200769558773
1189.6250398581278
1189.6300027466782
1189.6302819205855
1190.4312261822124
1190.4314066755746
1191.2337764903102
1191.2419071803688
1191.2468700689192
1192.048634959273
1192.049405951516
1192.8517757662516
1193.657958536447
1194.4602419458633
1195.2672274305746
1195.2676018983534
1195.2691187712383
1196.0756490422389
1196.876809042356
1197.678055343088
1198.4803387525044
1199.28270856724
1200.083652828867
1200.0922057516912
1200.8940570722202
1201.6981541738528
1202.5005239885884
1203.304708020838
1203.310304744514
1204.1182951499632
1204.123258394728
1204.1318111459511
1204.133328018836
1204.9353949522738
1205.7372462728028
1205.742948461467
1205.743153692886
1205.744816129593
1205.7497793743578
1205.7621309448855
1205.762432703552
1205.763203695795
1206.5647525141442
1207.3663013324933
1207.3666030911597
1207.3675819899297
1208.1691308082789
1208.970290808396
1208.971269707166
1209.7748452176088
1210.5789423192414
1210.5791475506603
1211.3827230611032
1212.1838830612203
1212.9850430613374
1213.7863756520965
1214.5882269726255
1215.3900782931546
1216.1973703725623
1217.001467474195
1217.003088722798
1217.806664233241
1217.8068447266032
1218.6080047267203
1219.4122756789893
1219.417238521112
1220.2196083358476
1220.2249409446354
1220.2251461760543
1220.2304796754524
1221.0327629489038
1221.8399674286743
1221.8456698157609
1221.846440808004
1221.8468152757828
1222.6479752758999
1222.6482544498072
1223.4495007505393
1224.2513520710684
1225.0583375557796
1225.8596272946975
1226.6614785861225
1226.6700315089467
1226.671239648114
1226.6764138124327
1227.4782651329617
1227.4786390736056
1228.2804903941346
1229.0843701729143
1229.888249951694
1230.6924339839436
1230.6926144773058
1230.701167228529
1230.706869417193
1231.5107491959727
1231.5109544273917
1231.5123218438976
1232.3165058761472
1233.1203856549268
1233.1213981455987
1233.1227655621046
1233.123044736012
1233.9272287682616
1233.9279997605047
1234.7315752709476
1235.5334265914767
1236.3349754098258
1236.3351806412447
1236.3408828299089
1236.3532334813094
1236.358936187994
1236.3590916908627
1237.1626672013056
1237.1636796919774
1237.9672552024203
1238.7708307128632
1239.5725947399787
1240.3798868193865
1241.1817381399155
1241.9829844406477
1242.7847493310014
1243.5914282069205
1244.3923724685474
1244.3973352642427
1244.3974907671113
1244.403193473796
1245.204742292145
1246.0089263243947
1246.8106903515102
1247.6126280916246
1248.4166393736955
1248.4175329679467
1249.2187792686789
1249.2197917593508
1249.2213086322356
1249.226271520786
1249.2278927693892
1249.2364455206123
1249.2421478163885
1249.2478500050527
1250.0502198197883
1250.8513368217814
1250.8527042382873
1250.8580372301499
1250.863739418814
1251.6651585894203
1251.6653638208393
1252.4665238209564
1252.4668977616002
1252.4725999502643
1252.4733709425075
1253.2743152041344
1254.07668501887
1254.0782018917548
1254.8848807676738
1255.6917348511276
1256.4925928380724
1256.4941097109572
1256.4948807032004
1257.3017347866542
1258.1034988137696
1258.1158495054808
1258.9182193202164
1259.7194656209485
1260.5213169414776
1261.323080968593
1262.1303730480008
1262.9342115853901
1263.7411970701014
1264.5424433708336
1265.3465404724661
1265.3473114647093
1265.3476590496957
1266.1484738578429
1266.9526578900925
1267.7544227804462
1267.7629757032705
1268.5671597355201
1269.3690110560492
1269.3774582595897
1269.3785040525413
1270.182383831321
1270.1828888838547
1270.985172293271
1271.7893563255207
1271.794319214071
1272.595263475698
1272.6009661823825
1273.4021261824996
1274.2033724832318
1275.0100513591508
1275.0224018700417
1275.0281041816215
1275.0290830803915
1275.0340459689419
1275.8358108592956
1275.8415135659802
1275.8472158468307
1275.8528126445342
1276.660104723942
1277.461956044471
1277.4669192892359
1278.268770609765
1278.2773235325892
1278.2826565244518
1279.0840756950581
1279.0897784017427
1279.0905493939858
1279.095512361693
1279.1012146425435
1279.1069169541233
1279.9087682746524
1280.7119987998153
1281.5155743102582
1281.5157548036204
1281.5161287442643
1282.3170730058912
1282.3172534992534
1282.3173453662025
1282.3181163584456
1283.1199676789747
1283.125775559353
1283.130738804118
1283.1322556770028
1283.1446063284034
1283.9458526291355
1283.9515549407154
1284.7527149408324
1285.5542637591816
1285.562816658094
1286.3640629588263
1287.1653092595584
1287.9661240677056
1288.7731095524168
1289.5804016318245
1289.5861039276008
1289.5984544384917
1289.5985463054408
1289.5989758965115
1289.600679215607
1290.4079712950147
1291.2114605607537
1292.0138303754893
1292.8208635449319
1293.628126422361
1294.4321377044319
1294.437100672139
1294.437305903558
1294.4458588263822
1295.2471914171413
1296.0490427376703
1296.0540064543827
1296.8557704814982
1297.6581402962338
1297.6638425156266
1297.6655049523335
1298.4677883617499
1299.2692938690845
1299.2749960577487
1300.0773658724843
1300.8851834643513
1300.8908867154503
1300.8962197073129
1301.6982003002431
1301.699179199013
1301.699384430432
1302.5066765098397
1303.3113820395727
1304.1186741189804
1304.1196530177504
1304.1253562688494
1304.9272940089638
1304.935847542274
1304.9372149587798
1305.738547549539
1305.739318541782
1306.5405648425142
1306.5455277310646
1307.3473790515936
1308.1539093225942
1308.9608948073055
1308.9616657995487
1309.7683446754677
1309.7700479945631
1309.7708189868063
1309.7711442759053
1310.578436355313
1310.5837689641007
1311.3910610435084
1312.1983531229162
1313.002972176504
1313.8102642559118
1313.8113100488633
1313.8162729374137
1313.817894186017
1313.8235968927015
1314.6254482132306
1315.4296322454802
1316.2314835660093
1316.2316887974282
1316.2319905560946
1316.2331986952618
1316.2335726359056
1316.2392748245697
1317.0416446393053
1317.8434959598344
1317.8438212489334
1318.6511133283411
1319.4558155460063
1320.2576668665354
1320.2578473598976
1321.0590936606297
1321.0600725593997
1321.0610850500716
1321.0612405529403
1321.0735910638311
1321.0762605840025
1321.0764410773647
1321.8776873780969
1321.8778428809655
1322.6789598829587
1322.6793343507375
1322.6795148440997
1323.4812788712152
1323.4816041603142
1324.288896239722
1324.2892438247084
1324.2909062614153
1325.0927575819444
1325.0939657211115
1325.0942448950188
1325.0946744860896
1325.0996374537967
1325.1012998905037
1325.1020708827468
1325.107773071411
1325.1201239635259
1325.1211364541978
1325.1260992963205
1325.1310630130329
1325.1320419118028
1325.1323672009019
1325.933527201019
1325.9339011416628
1326.735147442395
1327.536393743127
1328.3429240141277
1329.1464995245706
1329.1466550274392
1329.9479013281714
1330.7497526487005
1331.55393668095
1332.3551829816822
1332.3555305666687
1332.3563015589118
1332.3612644474622
1333.1632015665548
1333.9673855988044
1333.9689024716893
1333.9698813704592
1333.9708602692292
1334.7719772712223
1334.7769401597727
1335.5816456895056
1335.5818261828679
1335.5874228910498
1335.587603384412
1335.5932000925939
1335.5934053240128
1336.395688733429
1337.1980585481647
1337.2061891339074
1338.012285092552
1338.814136413081
1338.8198386939316
1338.8199305608807
1338.8209430515526
1339.6227943720817
1339.6283909752499
1339.6300942943453
1339.6302995257643
1340.4338750362072
1341.2362448509427
1342.0412661773853
1342.0413580443344
1342.845542076584
1343.647393397113
1343.6475738904753
1344.4539942471122
1344.4589571493627
1345.2608084698918
1345.2664051780737
1345.2666677811176
1345.2672263828
1345.267551671899
1345.2692141086059
1346.0727896190488
1346.8746409395778
1346.8802375952525
1346.886468359839
1347.6877146605711
1348.4889609613033
1349.2967785531703
1349.2970158742157
1349.298007387504
1349.3029706322689
1350.1053404470044
1350.9126325264122
1350.9127243933613
1350.9212788467235
1350.9222577454934
1350.927960117654
1350.9281406110163
1351.7293869117484
1352.5306332124806
1353.3319658032397
1354.1366713329726
1354.9382201513217
1354.9439234024208
1354.949625591085
1354.950396583328
1354.9522180781107
1355.7530328862579
1355.7588411856734
1355.7645434814497
1356.5712223573687
1356.571402850731
1357.37325417126
1358.1802873407025
1358.9819650824056
1359.7832976731647
1360.5874817054143
1360.5876621987766
1361.3950418672146
1362.1987912478776
1363.0006425684066
1363.0016550590785
1363.0072517827546
1363.8091031032836
1364.6106951403476
1365.4148791725972
1366.2167304931263
1366.2194000132977
1366.21995861498
1366.2256610020665
1367.0300205915803
1367.0385735397233
1367.840943354459
1368.6451273867085
1369.4493114189581
1370.2510763093119
1370.2567795156265
1371.0580258163586
1371.0637280585786
1371.8675215374878
1372.6717055697375
1372.6774078655137
1373.4791718926292
1374.2809359197447
1374.2894886709678
1374.2904675697378
1374.291238561981
1375.0930025890964
1375.8947666162119
1375.9004693228965
1376.7082869147634
1376.7085660886708
1376.716696754961
1377.520272265404
1378.3238477758468
1378.32461876809
1378.3295816566404
1378.3381345794646
1379.1398986065801
1379.9427875920396
1380.7440338927718
1380.7489971375367
1381.5529225109842
1381.5532700959707
1382.3542143575976
1383.156152097712
1383.1573602368792
1383.9615442691288
1383.967246564905
1383.9729488606813
1384.7744976790304
1385.5757439797626
1385.5758358467117
1385.578505366883
1385.5797135060502
1385.5806924048202
1386.3819387055523
1387.1831850062845
1387.9844313070166
1388.788269844406
1388.7946056079659
1389.5969754227015
1389.6019383112518
1389.6023393992962
1390.4035857000283
1390.4121386228526
1391.2134712136117
1392.0208508820497
1392.022554201145
1392.8238867919042
1392.8240422947729
1392.824134161722
1392.8298368684066
1392.8347997105293
1392.8355707027724
1392.8479212136633
1392.8494380865482
1393.6512894070772
1393.6569917028535
1393.6571721962157
1393.6635080631731
1393.6693159435515
1394.4734999758011
1394.4816306420914
1394.4879665090489
1394.493668697713
1394.4993710092929
1394.4997185942793
1395.301224101614
1395.3013796044827
1395.3095101096787
1396.1113614302078
1396.1169581538838
1396.9183773244902
1397.7206605979416
1398.5225119184706
1399.3242768088244
1399.3244573021866
1399.3256654413537
1399.3261958588785
1399.3311587474288
1400.1353427796785
1400.9368915980276
1400.9380997371948
1401.739346037927
1402.5466381173346
1402.5519706262658
1402.5536330629727
1403.3609251423804
1403.373275793781
1403.3782395104934
1404.185531589901
1404.1978822413016
1404.1995446780086
1404.1997251713708
1405.0015764918999
1405.0072787876761
1405.8096486024117
1405.8153509894983
1405.8167184060042
1405.8224207017804
1405.8281229975566
1406.631961534946
1406.637294228859
1406.6422571174094
1406.647959504496
1406.65366169316
1407.4609537725678
1408.2633235873034
1408.2636980550822
1408.264072522861
1409.06592384339
1409.0716261391663
1409.878421824799
1409.884125075898
1410.6864948906336
1410.6921975367336
1410.6923780300958
1411.4970835598288
1412.3012675920784
1412.3015467659857
1412.3072490468362
1412.3075743359352
1412.3078791965613
1413.1097305170904
1413.912100331826
1414.7150749767293
1414.7204075716024
1414.7253708163673
1415.5329291632208
1415.5414835448314
1416.3427298455636
1417.1445811660926
1417.9458274668248
1418.747376285174
1419.549227605703
1419.549319472652
1420.350263734279
1421.1526335490146
1421.9562090594575
1421.9564142908764
1421.9621165330964
1422.771422752729
1422.7771250485052
1423.584417127913
1424.3879516715322
1425.1914862151514
1425.9921284027303
1425.9931073015002
1426.7972913337499
1427.5995746072012
1427.6052769029775
1427.6102398706846
1427.612909390856
1428.4146742812097
1428.423227204034
1429.224387204151
1429.2300899108357
1430.0343608631047
1430.0345660945236
1430.8442224967034
1431.6479741776866
1431.6536774287856
1432.455441455901
1432.4639949892112
1432.4725485703495
1433.274312597465
1433.2755207366322
1434.077285626986
1434.0776867150303
1434.0840230596098
1434.084794051853
1434.8926116437199
1435.6943765340736
1435.7000788298499
1436.5042628620995
1437.3055091628316
1438.1066691629487
1438.9108531951983
1438.9122206117042
1438.9125459008033
1438.9188817845013
1438.9312324359018
1439.7329973262556
1440.5342436269877
1441.3365269004391
1442.1388101738905
1442.145146040848
1442.146124939618
1442.947457530377
1443.754837198815
1443.7549927016837
1444.5562390024159
1444.557447141583
1444.5576026444517
1444.563304940228
1445.3657612953718
1446.1681311101074
1446.1766840329317
1446.1774550251748
1446.978701325907
1447.7822768363499
1447.7879792085105
1447.7887502007536
1447.8011019313897
1448.6052859636393
1448.61383903275
1449.4167280182096
1450.2176722798365
1451.0186165414634
1451.8195608030903
1452.6205050647172
1453.4214493263441
1454.222393587971
1454.2275677522898
1455.028814053022
1455.0346218241696
1455.8369916389051
1455.8433279834846
1455.8490301721488
1455.850651420752
1456.6603078229318
1456.6684384086745
1456.6692094009177
1457.4727849113606
1458.274548938476
1458.2798824378742
1459.0834579483171
1459.0920106995402
1459.0927816917833
1459.8940279925155
1459.8947989847586
1459.9071496361591
1460.7090873762736
1461.5137929060065
1462.3150392067387
1463.1162855074708
1463.9172297690977
1464.7195130425491
1464.7252154296357
1464.7308834196938
1464.7322508361997
1464.7325984211861
1464.7449487927215
1465.5516276686405
1466.3528739693727
1467.1564494798156
1467.1621517755918
1467.1678544216918
1467.9684966092707
1467.9688441942571
1467.9744407974254
1468.7753850590523
1468.7767524755582
1468.7817153641085
1468.786678252659
1469.587924553391
1470.394775749167
1470.3949562425291
1471.2016351184482
1471.20168802532
1472.005437405983
1472.0107700098597
1472.813137959537
1473.6139527676842
1474.4158040882132
1475.223096167621
1475.2233334886664
1475.2237074293103
1475.2360579402011
1475.2417602359774
1475.2426877691444
1476.046784870777
1476.8509689030266
1476.8635300977403
1477.6646470997334
1477.6703493419534
1477.6715574811205
1477.6772607620762
1477.6789541979265
1478.4858053937023
1478.4907691104147
1479.2983213964178
1479.2998382693027
1479.2999937721713
1479.3049570169362
1479.3053046019227
1480.1064216039158
1480.914412009365
1480.9145675122336
1480.9202697544536
1481.7226395691891
1482.5250093839247
1482.5252467049702
1483.3276165197058
1483.328387511949
1483.3299043848338
1483.3356070915183
1483.335762594387
1483.348113486502
1483.3537101946838
1483.354481186927
1484.1559003575333
1484.9582701722688
1484.959041164512
1485.7614109792476
1486.5694013846967
1487.3711654118122
1487.3769731829598
1487.3771784143787
1488.1790297349078
1488.9819187203673
1489.788769916143
1490.5960619955508
1490.5961149024226
1490.6018171218154
1490.608153466395
1490.6083339597571
1490.613296782091
1490.6136443670775
1490.6140183077214
1491.4152646084535
1491.4155437823608
1491.4213516627392
1491.4270543694238
1492.23451903901
1493.0368888537455
1493.8381351544776
1493.8383403858966
1493.8385456173155
1494.6397919180476
1494.6407708168176
1494.6415418090608
1494.6416336760099
1495.448312551929
1495.4540147941489
1496.254829602296
1497.0561624352783
1497.0611785460492
1497.0614158670946
1497.8621012149736
1498.6629160231207
1498.6632636081072
1498.664631024613
1498.6703332440059
1498.6719956807128
1499.473285206497
1500.275136527026
1501.0789750644153
1501.0803424809212
1501.8844401386164
1501.8845320055655
1502.6862968959192
1502.6879181445224
1502.6881233759414
1503.490493190677
1503.4906399565873
1503.4914109488304
1503.4917854166092
1504.2936367371383
1505.0950559077446
1505.095403492731
1505.09560872415
1505.896999113494
1505.8986203620973
1506.702979951611
1506.7033544193898
1506.7037555074342
1506.704129448078
1507.5058934751935
1508.3094689856364
1508.3096494789986
1508.314612274694
1509.1181877851368
1509.1185130742358
1509.9220885846787
1509.9277908268987
1509.9291582434046
1509.9302040363561
1509.9359062250203
1510.7376702521358
1510.739291500739
1510.744254323073
1510.749957574172
1510.7556598699482
1511.5574238970637
1512.3637804147897
1512.369482603454
1513.172971869193
1513.173742861436
1513.1741168020799
1513.174887794323
1513.981566670242
1513.9817221731107
1514.7884010490297
1515.589647349762
1516.3969394291696
1516.4019026739345
1516.4020581768032
1516.4030370755731
1517.2042833763053
1518.0109622522243
1518.0126246889313
1518.8144760094603
1519.61866004171
1520.4228440739596
1520.4278068962935
1521.2294846379966
1521.2302556302398
1522.0311998918667
1522.8330512123957
1523.6342975131279
1523.6403880845937
1523.6414005752656
1523.6417258643646
1524.4438940501439
1524.4442679907877
1525.2461193113168
1525.254672160999
1525.2554431532421
1525.256960026127
1525.2574904436517
1525.262453332202
1526.0643046527312
1526.0643965196803
1526.064552022549
1526.0731049453732
1526.877607678023
1527.679458998552
1528.4817424079683
1528.4820899929548
1528.482270486317
1528.483249385087
1528.4840203773301
1529.2881180350253
1529.288492502804
1530.0950227738047
1530.8962690745368
1530.897477213704
1530.8977563876113
1531.6989163877283
1531.7074691389514
1532.5086291390685
1532.5171818902916
1532.517529475278
1532.5185752682296
1533.320858541681
1533.3258217864459
1533.3315241735324
1534.1388162529402
1534.1441492448027
1534.1491121333531
1534.9564042127608
1534.956584706123
1534.9573556983662
1535.758299959993
1536.5655920394008
1537.366838340133
1537.372540582353
1537.3740574552378
1537.375678703841
1537.37588393526
1537.3882345866605
1538.1949134625795
1538.9967647831086
1539.7980110838407
1540.5995599021899
1541.4019297169255
1541.408265540554
1542.2154700203246
1542.2204328624473
1543.0276373422178
1543.8294886627468
1544.6366931425173
1545.4379394432494
1545.4436417390257
1546.2478257712753
1547.0519228729079
1547.8597404647749
1548.661591785304
1549.4633558124194
1549.4641268046626
1549.4648977969057
1549.4650532997744
1549.470756006459
1549.4831066578595
1550.2852748436387
1551.087082151337
1551.888933471866
1552.69052550893
1552.6986561752203
1552.7067866804164
1552.714917484036
1552.7230481503263
1552.7231010571982
1552.7256331183216
1552.7264041105648
1553.5307637000785
1554.3400699197111
1555.1439084571005
1555.1447203843281
1555.1456479174951
1555.9470670881014
1555.9526638117775
1555.9543262484844
1555.9544817513531
1555.9630362047153
1555.9647296405656
1555.9650088144729
1556.7673786292085
1557.576684848841
1558.3819092323113
1559.1837605528403
1559.1838524197894
1559.189554806876
1559.1897353002382
1559.9959180704336
1560.7971643711658
1560.7973696025847
1560.8097204946996
1560.8154226833637
1560.8157702683502
1561.6181400830858
1562.4199914036149
1562.4201469064835
1563.2219982270126
1563.2227692192557
1564.0246205397848
1564.0255994385548
1564.8291749489977
1564.8341381937626
1565.6359030841163
1566.43766797447
1566.4500185855602
1566.4549814741106
1567.2567463644643
1567.2570939494508
1567.2584613659567
1568.062299903346
1568.8640647936998
1569.6660025338142
1569.6663501188007
1569.6666977037871
1570.4737308732297
1570.473911366592
1571.275762687121
1571.2814653938055
1572.0832879022187
1572.8851392227477
1572.8974898741483
1573.701673906398
1573.702444898641
1574.5048147133766
1574.5050199447955
1574.5052004381578
1574.5175510895583
1575.319920904294
1575.3200764071626
1576.1224462218981
1576.1287821055962
1576.1290612795035
1576.1298322717466
1576.1311996882525
1576.1313551911212
1576.1437069217573
1576.1522598445815
1576.1526343123603
1576.9558648375232
1576.961461545705
1577.7627078464373
1577.7708391307324
1577.7712402187767
1578.5720550269239
1579.3752855520868
1580.1764455522039
1580.176626045566
1580.1823287522507
1580.9834887523677
1581.7849512053322
1582.5916300812512
1582.5942996014226
1582.5944551042912
1583.396219994645
1583.396990986888
1584.2036698628071
1585.0103487387262
1585.0189014899493
1585.0196724821924
1585.020718275144
1585.022380711851
1585.023359610621
1585.83003848654
1585.842389178251
1586.6437217690102
1586.6499520648101
1586.650157296229
1586.651169786901
1586.6515442546797
1586.651724748042
1587.452884748159
1588.2544335665082
1588.254638797927
1588.2547943007958
1589.056040601528
1589.0564150693067
1589.0565705721754
1589.863862651583
1590.6680466838327
1591.4702435704858
1591.4712893634373
1592.2721041715845
1593.076288203834
1593.8786580185697
1593.8788632499886
1593.8796342422318
1594.681053412838
1595.483855881828
1595.4888187703784
1595.4937817380855
1595.4994843841855
1595.4996896156044
1595.5082426847152
1596.3157073543014
1596.3280590849374
1597.1299104054665
1597.1300659083352
1597.1302214112038
1597.1351842868153
1597.1401471753657
1597.9413934760978
1597.9463567208627
1597.9520589630827
1597.9522394564449
1598.7546092711805
1599.5558555719126
1599.5566265641557
1600.3601211581602
1600.3650840467105
1600.3658550389537
1601.1676775473668
1601.9695569738178
1601.978109896642
1601.9798132157375
1601.9799937090997
1602.7846992388327
1603.5894047685656
1604.3989736240683
1605.2013434388039
1606.002589739536
1606.8038360402682
1606.80943274845
1607.6133125272297
1607.6143250179016
1608.418163555291
1609.22001487582
1609.2285677986442
1610.0327518308939
1610.8355542998838
1611.636800600616
1611.649152331252
1612.4509172216058
1612.451810815857
1613.2559948481066
1613.2578587582886
1613.2580142611573
1614.062198293407
1614.8694903728147
1614.875192668591
1615.67704398912
1616.478290289852
1616.478664230496
1617.2859563099037
1618.0872026106358
1618.888448911368
1619.690300231897
1620.4973334013396
1621.3047130697776
1622.1120051491853
1622.1123527341717
1622.9216589538044
1622.921814456673
1622.9276223218305
1623.7299921365661
1624.5318434570952
1625.339135536503
1626.140381837235
1626.146717720933
1626.1528072668555
1626.158509547706
1626.966122780859
1627.767974101388
1628.5697389917418
1628.5707514824137
1629.3804078845935
1629.3860045927754
1629.3869834915454
1629.387138994414
1630.188990314943
1630.9962823943508
1631.0048354634616
1631.0048883703334
1631.013441269246
1631.0184045140109
1631.8225016156434
1632.6267725679124
1632.6324758190115
1632.6334547177814
1633.4352196081352
1634.2394036403848
1634.2451063470694
1635.0469576675985
1635.047305252585
1635.0526378613727
1635.8544891819017
1635.8630420808142
1635.8715949797268
1635.8765578553382
1635.8767630867571
1635.877741985527
1635.8862949083514
1635.8870659005945
1635.8923993999927
1635.8927715571483
1635.9009022234386
1635.9058650457725
1635.9122009471962
1636.7140522677253
1637.515817158079
1638.3196556954683
1638.3254635758467
1639.1273148963758
1639.9291662169048
1640.731017537434
1640.7312227688528
1641.5375792865789
1642.339430607108
1643.141281927637
1643.1469842234133
1643.9489213425059
1644.750772663035
1644.757108546733
1644.7580360799
1644.7637383756762
1644.7654008123832
1644.7703636347171
1645.5776557141248
1646.385120383711
1647.1893044159606
1647.195640282918
1647.196567816085
1647.2089193866127
1648.0096047344916
1648.8114560550207
1649.6138258697563
1650.4190502532265
1650.4192307465887
1650.4277836455012
1650.4279641388634
1651.2326696685964
1652.0365082059857
1652.0380250788705
1652.8422091111202
1653.6434554118523
1653.6451178485593
1653.6453230799782
1653.6510257260782
1654.4528770466072
1655.254641936961
1655.25496722606
1655.2560130190116
1655.2563869596554
1656.0572017678026
1656.859485041254
1657.660645041371
1657.6729957330822
1657.6786980139327
1657.6789032453516
1658.4830872776013
1659.2843335783334
1659.2859960150404
1659.286151517909
1660.0880892580235
1660.0884903460678
1660.0886955774868
1660.8910653922223
1660.8919929253893
1661.6934553783537
1662.4946153784708
1663.2984539158601
1663.299821332366
1663.305523978466
1664.1093625158553
1664.916654595263
1665.7179008959952
1665.7236031768457
1665.7359537879358
1665.7376571070313
1666.5412326174742
1666.5469348596941
1667.3481811604263
1667.348555628205
1667.3496014211566
1668.1507614212737
1668.1564637328536
1668.161426621404
1668.962672922136
1668.9683751108003
1669.7721846939814
1670.5731146300611
1670.574093528831
1671.3779320662204
1671.3795945029274
1671.3852971490273
1671.3938499002504
1671.3940551316693
1672.1954166836679
1672.9972679750929
1673.0029702708691
1673.0033713589135
1673.8052226794425
1673.810185567993
1673.8103660613551
1674.6117276133537
1674.6130950298596
1674.615764550031
1674.6159450433931
1674.6209078855159
1675.422759206045
1675.4229396994072
1676.2247910199362
1677.0269592057155
1677.829329020451
1677.830307919221
1677.8320112383165
1678.6355867487594
1678.64054965101
1678.641320643253
1678.6439901634244
1679.4506690393434
1679.4592217905665
1679.4641850353314
1680.273491254964
1680.279194506063
1681.0864865854708
1681.8882506125863
1681.893847268261
1681.8942212089048
1682.6980597462941
1683.502765276027
1683.508468527126
1683.5100897757293
1683.5156864839112
1683.520649326034
1684.3224142163876
1685.1265982486373
1685.930782280887
1685.9357455256518
1685.9361194662956
1686.7373657670278
1686.7375212698964
1687.5395882033342
1687.5453965027498
1688.3463839086455
1688.3520860973097
1689.1533323980418
1689.153512891404
1689.1542838836472
1689.1559051322504
1689.1615018404323
1689.1622728326754
1689.174623484076
1689.976258666917
1689.9776260834228
1690.7806007283261
1691.5878928077339
1692.389744128263
1692.390515120506
1692.396111828688
1692.4017085222367
1692.4033709589437
1692.4089676524925
1692.4103350689984
1693.2114950691155
1693.2117742430228
1694.015612780412
1694.016980196918
1694.8187450872717
1694.8191190279156
1695.6209703484446
1696.4228216689737
1697.226615147883
1698.0304086267922
1698.8345062844874
1698.8348315735864
1698.8365348926818
1698.8422381437808
1698.8479404553607
1698.8564949087229
1698.8567740826302
1699.6586254031592
1700.4656108878705
1701.267289366563
1702.068737233261
1702.8760293126686
1703.6777942030224
1704.4813697134653
1705.2829185318144
1706.0841648325465
1706.0891276746693
1706.0906445475541
1706.898462139421
1706.9041644202716
1707.7060157408007
1708.5138333326677
1708.5195355213318
1709.3219053360674
1710.1237566565965
1710.9256079771255
1711.7302270307134
1712.5320783512425
1712.537781057927
1712.543377766109
1713.345229086638
1713.3460000788812
1713.3517023746574
1714.1535536951865
1714.957650796819
1715.7594156871728
1716.5613528062654
1717.3632041267945
1717.3681669689172
1718.175021052371
1718.1765379252558
1718.978086743605
1718.9834192525361
1718.9835997458983
1719.7871752563412
1720.5895450710768
1720.59116631968
1721.393017640209
1722.1972016724587
1722.197480846366
1723.0016648786157
1723.8036019977083
1723.8093042785588
1724.6189606807386
1724.6245577917798
1725.4264949108724
1725.4321981619714
1725.4329691542146
1725.4386724053136
1725.441341925485
1725.4427093419908
1726.2464587226539
1727.048310043183
1727.8519731517954
1727.8534900246802
1728.6554271437728
1728.656198136016
1728.6619003246801
1728.6620558275488
1729.4693479069565
1729.4697223747353
1729.4713848114422
1730.2732361319713
1731.0755195413876
1731.0756750442563
1731.0764460364994
1731.8784698847242
1732.680234775078
1733.482086095607
1734.2829009037541
1735.0837157119013
1735.0840410010003
1735.8858923215294
1736.6877436420584
1736.6933402452266
1737.4951627536398
1738.2969267807553
1738.2972743657417
1738.2980453579848
1738.303747653761
1738.305410090468
1738.3071134095635
1738.3120762981139
1738.3178841784922
1738.3264386318544
1739.1282899523835
1739.9349688283025
1740.741151598498
1740.7474874654554
1740.7538238100349
1740.7595261058111
1741.5610749241603
1741.5695221277008
1741.5705010264708
1742.3723523469998
1743.1747202966772
1743.9788179543723
1744.7829156120674
1744.7914683632905
1745.5955660209856
1746.3997500532353
1747.2044555829682
1748.0057018837003
1748.0064728759435
1748.011435751555
1748.012206743798
1748.01245997313
1748.8137062738622
1748.814080741641
1748.8264313930415
1748.8272023852846
1748.8273578881533
1749.6292092086824
1749.6318787288537
1750.4342485435893
1750.434623011368
1751.2388070436177
1751.2445097503023
1752.0463891767533
1752.0474016674252
1752.8547813358632
1753.6565453629787
1754.462728133174
1755.2665666705634
1755.2722689127834
1755.2730399050265
1755.273387490013
1755.2783503656244
1755.279396158576
1755.2843590471264
1755.2851300393695
1756.0869813598986
1756.8882276606307
1756.8931909053956
1756.8941698041656
1757.6954161048977
1757.700378993448
1757.7011499856912
1757.7019209779344
1757.7026919701775
1758.5049753795938
1759.306524197943
1759.306729429362
1760.110133686138
1760.1103389175569
1760.9135694427198
1761.7147294428369
1762.515889442954
1762.5215917545338
1762.521683621483
1762.523396071514
1762.5290983672903
1763.3319873527498
1764.1363469422636
1764.9401854796529
1765.7466058362897
1765.7469534212762
1765.7471586526951
1766.5541918221377
1767.358030359527
1767.3636973473265
1767.3693999934264
1768.1755827636218
1768.1757382664905
1768.9824609519317
1768.990591618222
1769.792414126635
1770.5965117843302
1771.3987950577816
1772.201078331233
1772.202090821905
1772.2022960533238
1772.2079984404104
1773.0112289655733
1773.0168255687415
1773.8186768892706
1774.6203546309737
1774.6260570180602
1775.4273033187924
1775.4289657554993
1776.238271975132
1776.2439742867118
1777.045220587444
1777.846380587561
1777.8469391892434
1777.851902381488
1778.6536664086034
1778.6660181392394
1778.6663926070182
1778.6680550437252
1778.669067534397
1779.4818742447526
1779.488210589332
1779.4885581743185
1779.4893291665617
1779.4907181957574
1780.2920077215415
1780.2935245944263
1780.2938037683336
1781.0950500690658
1781.8969013895949
1782.7011723418639
1782.7013775732828
1783.5032288647078
1783.5042077634778
1784.3061455035922
1784.3069164958354
1784.3076874880785
1785.1095388086076
1785.9137228408572
1785.9147017396272
1785.9156806383971
1785.921382949977
1786.7249584604199
1786.7299216526644
1786.7384745754887
1786.74114409566
1787.542995387085
1788.3448467076141
1789.154503109794
1789.1594659983443
1789.9607122990765
1789.9616911978464
1789.9618964292654
1789.9621016606843
1789.9678049117833
1790.7748380812259
1790.7810684939773
1791.5829198145063
1791.5886221102826
1792.3928061425322
1792.3937850413022
1793.1960684507185
1794.0001661084136
1794.0058688150982
1794.0075312518052
1794.809598185243
1794.809923474342
1794.8106944665851
1794.8156573551355
1794.8206202436859
1795.6229900584215
1796.424754085537
1796.43330683676
1796.434319327432
1797.2352635890588
1797.2402264776092
1798.0449320073421
1798.0457029995853
1798.8485919850448
1798.8487474879134
1798.848902990782
1799.652133515945
1800.453984836474
1801.2554040070804
1801.2639567583035
1801.2640486252526
1801.2696453334345
1801.2704163256776
1802.0769465966782
1802.8810395132339
1803.6851366148665
1804.4947930170463
1805.2988037626803
1806.1052471575547
1806.9067959759038
1806.9124986220038
1807.7134860763026
1807.7191887829872
1807.7197473846695
1808.522117199405
1808.5278193880692
1809.3293682064184
1809.3295486997806
1809.3345115221146
1810.1418036015223
1810.951372457025
1811.753223777554
1811.7542695705056
1812.5607998415062
1813.3631696562418
1814.1649345465955
1814.1653084872394
1814.9665547879715
1815.7684061085006
1815.770109427596
1815.7708804198392
1816.5722419718377
1816.5732208706077
1816.573568455594
1816.5737239584628
1816.5795317296104
1816.5798793145968
1817.3835707432065
1817.388533618818
1817.4008842702185
1817.4027875864026
1817.4035585786457
1817.4044419429715
1817.4058093594774
1818.207170911476
1819.0089349385914
1819.8162270179992
1819.8164075113614
1820.6182300197745
1820.6183855226432
1820.6200479593501
1821.4218992798792
1822.225474790322
1823.0316575605175
1823.0318380538797
1823.835676591269
1824.637527911798
1824.643231162897
1824.6489334437476
1824.6503008602535
1824.65064844524
1824.65635109134
1825.4587209060755
1825.4644230947397
1826.2711019706587
1826.2760652154236
1826.2762207182923
1826.2819229605122
1827.0833854134767
1827.8906774928844
1828.6919237936165
1828.6976259822807
1828.706178905105
1829.508030225634
1830.3122142578836
1830.3123697607523
1831.1142210812814
1831.9154673820135
1832.7167136827456
1832.7168691856143
1833.5181154863465
1833.5182959797087
1833.5184514825773
1834.3207348919937
1835.124573429383
1835.1259408458889
1835.927187146621
1836.7310256840103
1837.5322719847425
1838.3329141723214
1838.3386163609855
1839.1404676815146
1839.1490207506254
1839.9528592880147
1839.9586671531722
1840.7610369679078
1841.56228326864
1842.3661218060292
1843.1679731265583
1843.1689520253283
1843.9708033458573
1843.976505732944
1844.7788755476795
1845.5823648134185
1845.5880671091948
1845.600417800906
1846.4010599884848
1846.4020724791567
1846.4030000123237
1847.2071840445733
1848.0090353651024
1848.8108866856314
1849.615070717881
1850.4170084579955
1850.421971346546
1850.422296635645
1850.4272595112564
1851.2285058119885
1852.0303571325176
1852.8322084530466
1852.832556038033
1852.838259289132
1852.8409288093035
1852.8416998015466
1852.8426273347136
1853.6468113669632
1854.4501577113951
1855.2566011062695
1855.2621978144514
1855.263243607403
1856.065094927932
1856.066073826702
1856.0714068046489
1856.8810632068287
1857.6875934778293
1857.693190133504
1857.6947070063889
1857.6957194970607
1857.6958749999294
1858.4973374528938
1859.2996207263452
1860.106912805753
1860.1071919796602
1860.1075930677046
1860.1129265671027
1860.1186292132027
1860.9201780315518
1860.920949023795
1860.9213229644388
1860.922093956682
1860.9231397496335
1861.7252066830713
1862.5271444231857
1862.532846718962
1862.5343635918468
1862.5400658340668
1862.5404403018456
1863.3421180435487
1863.3422735464173
1864.146457578667
1864.1517901874547
1864.1525611796978
1864.1578937884856
1864.1580742818478
1864.9647531577668
1865.7683286682097
1866.5696612589688
1866.569841752331
1866.582193482967
1866.5838968020626
1866.5841020334815
1866.5867375141718
1867.3934163900908
1867.3959484512143
1867.3960403181634
1868.1996158286063
1869.0031913390492
1869.806766849492
1869.8084701685875
1870.6120456790304
1870.6137489981259
1870.61945118679
1871.420611186907
1872.2219437776662
1872.2236062143731
1872.2238853882805
1872.2324383111047
1872.2374012788118
1872.2383927921
1873.0480491942799
1873.048229687642
1873.048603628286
1873.05430581695
1873.0544863103123
1873.0546915417312
1873.060024150519
1873.0653570859008
1873.066128078144
1873.0714606869317
1873.076423575482
1873.088774086373
1873.0889295892416
1873.0938925569487
1873.0949383499003
1873.0999020666127
1873.1000575694814
1873.9072620492518
1873.9086863461878
1874.715671830899
1875.5228763106695
1876.3239933126627
1877.130176082858
1877.1425267342586
1877.1478593430463
1877.153191951834
1877.9547407701832
1877.960073378971
1877.9610858696428
1877.966418663416
1877.9717512722038
1877.980304023427
1878.781550324159
1878.7817308175213
1879.5827902440756
1879.587753132626
1879.5881276004047
1880.3898053421078
1881.1921751568434
1881.1929461490865
1881.1932253229938
1882.0002108077051
1882.0005583926916
1882.002261711787
1882.0024172146557
1882.007380103206
1882.8094470366439
1883.6103912982708
1883.6167271819688
1884.4176714435957
1885.2189177443279
1886.02016404506
1886.8273685248305
1887.6292198453596
1888.430983872475
1888.4311643658373
1888.4313448591995
1888.4315500906184
1889.2350846342376
1890.0369359547667
1890.84155457856
1891.6454343573396
1891.650397232951
1892.4520757116436
1893.2617321138234
1894.0626763754503
1894.062831878319
1894.063157167418
1894.0633376607802
1894.063493163649
1894.0684569062435
1894.8694011678704
1895.6790575700502
1896.4809088905793
1896.4866115972638
1897.2936408852959
1897.2993431275158
1898.100675718275
1898.9030455330105
1898.9033708221095
1898.9041418143527
1898.9042973172213
1899.7072719621247
1900.5119741797898
1901.316676397455
1902.121073971935
1902.1267762677112
1902.9286275882403
1902.9303309073357
1902.9313098061057
1902.9322887048756
1902.9326631726544
1902.9379961080363
1902.938151610905
1903.739700429254
1904.5438844615037
1904.5448119946707
1904.5505152457697
1904.5506707486384
1904.5515643428896
1905.355402880279
1905.3603657688293
1906.1616120695614
1906.1618912434687
1906.167593539245
1906.1729261480327
1906.979911632744
1906.9801908066513
1906.9817076795362
1907.7855874583158
1907.7861460599981
1908.590543634478
1909.3929134492137
1910.196706928123
1910.9976511897498
1911.801185733369
1912.603037053898
1913.4048883744272
1913.4134412972514
1913.419777641831
1913.4200568157382
1914.222123749176
1915.0235862021405
1915.8274247395298
1915.828632878697
1915.8313023988683
1915.8320733911114
1915.8328443833545
1916.6366829207439
1917.437929221476
1918.24038557662
1918.241156568863
1919.0446911124823
1919.0450164015813
1919.8482469267442
1919.8490179189873
1919.849173421856
1919.849378653275
1919.850149645518
1919.8558523522026
1919.8644052511152
1920.6659540694643
1920.6721844822157
1920.6731969728876
1920.6788991615517
1921.4827789403314
1921.4829594336936
1921.4887672048412
1922.2903160231904
1922.2959127313723
1923.0994472749915
1923.9009097279559
1924.702156028688
1924.7025299693319
1925.5063685067212
1925.5120708024974
1925.51740379436
1925.5231060901363
1925.5234313792353
1926.3252826997643
1927.1267451527287
1927.126925646091
1927.1354800994532
1927.9389693651922
1927.944671561758
1927.944996850857
1927.945322139956
1928.7491156188653
1928.7506324917501
1928.7569683754482
1928.7571488688104
1929.5583088689275
1929.5598257418123
