Q_diff,Q_router,Q_oracle
0,1,1
0,1,1
0,1,1
0,1,1
0,1,1
1,2,1
1,1,0
0,1,1
1,1,0
0,0,0
0,1,1
1,2,1
1,2,1
1,2,1
2,3,1
2,3,1
3,3,0
2,3,1
2,2,0
2,3,1
2,2,0
2,3,1
2,3,1
2,3,1
2,3,1
2,3,1
3,3,0
3,4,1
4,5,1
4,5,1
5,6,1
5,6,1
5,6,1
5,6,1
6,7,1
7,8,1
8,9,1
8,8,0
7,7,0
6,6,0
5,6,1
5,6,1
5,6,1
5,6,1
6,6,0
5,6,1
5,6,1
5,6,1
6,7,1
6,7,1
7,7,0
6,6,0
5,6,1
6,7,1
7,7,0
6,6,0
5,5,0
4,5,1
4,5,1
4,4,0
3,4,1
3,4,1
3,5,2
3,5,2
3,6,3
4,7,3
5,8,3
6,8,2
7,8,1
7,9,2
7,9,2
7,8,1
7,9,2
8,10,2
8,9,1
8,10,2
9,11,2
9,11,2
9,11,2
9,11,2
9,11,2
10,12,2
10,12,2
10,13,3
10,13,3
10,13,3
11,13,2
11,13,2
11,13,2
11,13,2
12,14,2
12,13,1
12,12,0
12,13,1
12,13,1
13,14,1
13,14,1
14,14,0
13,14,1
13,14,1
13,14,1
13,14,1
13,14,1
14,14,0
14,15,1
14,15,1
14,14,0
14,15,1
14,15,1
14,15,1
14,16,2
14,17,3
15,18,3
16,19,3
16,19,3
16,18,2
17,19,2
18,20,2
19,20,1
19,20,1
19,21,2
19,21,2
19,20,1
19,21,2
19,21,2
19,20,1
18,20,2
18,20,2
19,21,2
20,21,1
19,21,2
19,20,1
19,21,2
19,20,1
19,20,1
19,20,1
20,21,1
20,21,1
21,22,1
22,23,1
22,23,1
22,23,1
22,22,0
21,21,0
20,20,0
20,20,0
20,21,1
20,20,0
20,20,0
19,20,1
19,20,1
19,19,0
18,18,0
18,19,1
19,20,1
19,20,1
19,20,1
20,21,1
20,21,1
20,21,1
21,21,0
21,22,1
22,23,1
22,23,1
22,23,1
22,22,0
22,23,1
22,22,0
22,23,1
23,24,1
24,25,1
24,25,1
24,25,1
24,25,1
24,25,1
23,24,1
23,24,1
23,24,1
23,25,2
23,24,1
23,24,1
23,23,0
23,23,0
23,23,0
22,23,1
22,23,1
22,23,1
23,24,1
23,23,0
23,23,0
22,23,1
22,23,1
22,23,1
22,23,1
23,24,1
23,24,1
23,23,0
22,23,1
22,22,0
21,21,0
20,20,0
19,19,0
19,20,1
20,21,1
21,22,1
21,22,1
21,21,0
20,21,1
20,21,1
20,21,1
20,21,1
21,22,1
21,21,0
20,20,0
19,20,1
19,19,0
18,19,1
19,20,1
20,20,0
20,21,1
20,21,1
20,21,1
20,21,1
20,21,1
20,21,1
20,21,1
20,21,1
21,22,1
22,22,0
21,22,1
21,21,0
20,20,0
20,21,1
20,21,1
20,21,1
20,21,1
20,21,1
20,21,1
20,22,2
20,22,2
20,21,1
20,21,1
21,22,1
22,23,1
22,23,1
22,23,1
22,22,0
21,21,0
20,21,1
20,20,0
19,19,0
18,19,1
18,19,1
18,19,1
19,20,1
19,20,1
19,20,1
20,21,1
20,21,1
21,22,1
21,21,0
20,20,0
19,20,1
19,20,1
19,20,1
19,20,1
19,19,0
18,19,1
18,18,0
18,18,0
17,18,1
17,18,1
17,18,1
17,18,1
17,19,2
17,19,2
17,19,2
17,19,2
17,19,2
17,19,2
17,18,1
17,17,0
16,16,0
15,16,1
15,16,1
16,16,0
16,16,0
16,17,1
17,18,1
17,18,1
17,18,1
18,19,1
18,18,0
17,18,1
17,17,0
17,18,1
17,18,1
17,17,0
17,18,1
17,17,0
17,17,0
16,17,1
16,16,0
16,16,0
16,17,1
16,17,1
16,17,1
16,17,1
16,17,1
16,17,1
16,17,1
16,18,2
16,17,1
15,16,1
14,16,2
14,15,1
14,16,2
14,16,2
14,16,2
15,17,2
15,16,1
15,17,2
15,17,2
16,17,1
16,18,2
16,18,2
16,18,2
16,18,2
16,18,2
17,18,1
17,18,1
17,19,2
17,19,2
17,19,2
17,19,2
17,19,2
17,19,2
17,19,2
17,18,1
17,18,1
17,18,1
16,17,1
16,18,2
16,18,2
16,18,2
16,19,3
17,20,3
17,19,2
18,19,1
18,19,1
18,19,1
18,20,2
19,20,1
18,20,2
18,19,1
18,20,2
18,20,2
18,20,2
19,21,2
20,21,1
20,22,2
20,21,1
20,22,2
20,22,2
20,23,3
20,23,3
20,23,3
21,24,3
21,24,3
22,24,2
23,25,2
23,25,2
23,25,2
23,25,2
24,26,2
24,25,1
23,24,1
23,25,2
23,25,2
23,24,1
23,24,1
24,25,1
24,24,0
24,24,0
24,25,1
24,24,0
23,24,1
23,23,0
23,23,0
22,23,1
22,23,1
22,23,1
22,23,1
22,22,0
22,22,0
22,23,1
22,22,0
22,22,0
22,23,1
22,23,1
22,23,1
22,23,1
23,23,0
23,23,0
22,23,1
22,24,2
22,24,2
22,23,1
22,23,1
22,22,0
21,21,0
20,21,1
20,21,1
21,22,1
21,21,0
20,21,1
20,21,1
20,20,0
19,20,1
19,20,1
19,20,1
20,21,1
20,20,0
19,20,1
19,19,0
19,20,1
19,21,2
19,20,1
19,20,1
19,19,0
19,19,0
19,20,1
19,19,0
18,19,1
19,20,1
19,20,1
20,21,1
20,21,1
20,21,1
20,22,2
20,22,2
20,21,1
20,21,1
20,20,0
20,21,1
20,21,1
20,21,1
20,21,1
20,22,2
20,22,2
20,22,2
20,22,2
20,23,3
20,23,3
20,23,3
20,23,3
21,23,2
21,23,2
22,23,1
22,24,2
22,24,2
23,25,2
23,26,3
23,25,2
23,26,3
23,25,2
23,25,2
23,25,2
23,24,1
23,25,2
24,26,2
24,26,2
24,27,3
24,27,3
24,27,3
24,28,4
24,28,4
24,28,4
24,28,4
24,28,4
24,28,4
24,28,4
24,27,3
24,27,3
24,27,3
24,27,3
24,27,3
24,27,3
24,27,3
24,27,3
24,27,3
24,27,3
24,27,3
24,26,2
25,27,2
25,27,2
25,27,2
25,28,3
26,29,3
26,28,2
26,28,2
26,29,3
27,29,2
27,28,1
27,28,1
27,27,0
27,27,0
26,26,0
25,26,1
25,26,1
25,26,1
26,27,1
26,27,1
27,28,1
27,27,0
27,27,0
27,28,1
27,28,1
27,28,1
27,28,1
27,28,1
28,29,1
27,29,2
27,28,1
27,29,2
27,29,2
28,30,2
29,31,2
30,32,2
30,31,1
29,30,1
29,30,1
29,29,0
29,29,0
29,30,1
29,29,0
29,29,0
29,30,1
29,30,1
29,29,0
29,29,0
29,29,0
29,30,1
29,30,1
30,30,0
29,30,1
29,30,1
29,30,1
29,30,1
29,30,1
29,29,0
28,29,1
28,29,1
28,29,1
28,28,0
27,28,1
28,29,1
28,29,1
28,29,1
28,28,0
28,29,1
28,28,0
28,28,0
27,28,1
28,28,0
28,28,0
28,29,1
28,29,1
29,30,1
30,31,1
30,31,1
29,30,1
29,30,1
30,31,1
30,31,1
30,31,1
30,30,0
29,30,1
30,31,1
30,31,1
30,30,0
30,30,0
29,30,1
29,30,1
29,31,2
30,32,2
30,32,2
30,32,2
30,31,1
29,31,2
29,30,1
29,30,1
28,30,2
29,31,2
30,32,2
30,32,2
30,32,2
30,31,1
30,32,2
30,32,2
30,32,2
30,32,2
30,32,2
31,33,2
31,33,2
31,33,2
31,33,2
31,33,2
31,33,2
31,33,2
31,32,1
30,32,2
30,31,1
29,31,2
29,31,2
29,31,2
30,32,2
31,33,2
31,33,2
31,33,2
31,33,2
31,33,2
31,33,2
31,34,3
32,35,3
32,36,4
32,36,4
32,36,4
32,35,3
32,35,3
33,36,3
34,37,3
34,37,3
34,37,3
35,38,3
35,38,3
35,38,3
36,39,3
36,39,3
36,39,3
37,39,2
36,38,2
36,38,2
36,37,1
35,37,2
35,37,2
35,36,1
34,35,1
33,35,2
33,35,2
33,35,2
33,35,2
33,35,2
34,36,2
34,36,2
34,36,2
34,35,1
34,35,1
34,34,0
34,35,1
34,35,1
34,35,1
34,35,1
34,35,1
34,34,0
33,34,1
34,35,1
34,34,0
34,34,0
33,34,1
33,34,1
33,34,1
34,35,1
34,35,1
35,36,1
35,35,0
34,35,1
34,34,0
34,35,1
34,35,1
34,34,0
34,34,0
34,35,1
35,36,1
35,36,1
35,36,1
35,36,1
36,37,1
36,37,1
36,37,1
36,38,2
36,38,2
36,38,2
36,38,2
36,38,2
36,37,1
36,38,2
36,39,3
36,39,3
36,39,3
36,39,3
36,39,3
36,38,2
36,38,2
36,38,2
36,38,2
36,37,1
36,37,1
36,36,0
35,36,1
35,36,1
35,35,0
35,35,0
35,36,1
35,36,1
35,35,0
34,35,1
34,35,1
35,36,1
35,36,1
35,35,0
34,34,0
34,35,1
34,34,0
34,35,1
34,35,1
34,36,2
34,36,2
34,36,2
34,36,2
34,36,2
34,36,2
34,36,2
34,35,1
34,34,0
34,34,0
34,35,1
34,35,1
34,34,0
34,34,0
34,35,1
34,35,1
34,35,1
34,35,1
34,35,1
35,35,0
34,34,0
34,35,1
35,36,1
35,37,2
35,37,2
35,37,2
35,36,1
35,36,1
35,35,0
34,34,0
34,35,1
34,35,1
34,35,1
34,35,1
35,36,1
35,36,1
35,36,1
35,37,2
35,36,1
35,36,1
35,35,0
35,36,1
35,36,1
35,36,1
35,36,1
35,36,1
35,35,0
34,35,1
34,35,1
34,34,0
34,34,0
34,34,0
34,35,1
34,35,1
34,35,1
34,36,2
34,35,1
34,35,1
34,35,1
35,36,1
35,36,1
35,36,1
36,37,1
37,37,0
37,38,1
38,39,1
38,39,1
38,39,1
39,40,1
39,39,0
39,40,1
39,39,0
39,39,0
38,39,1
38,39,1
38,39,1
38,39,1
38,38,0
37,38,1
37,37,0
37,38,1
37,38,1
37,38,1
37,37,0
37,38,1
37,38,1
37,37,0
37,37,0
37,37,0
37,38,1
37,38,1
37,38,1
37,37,0
36,37,1
36,38,2
36,38,2
36,37,1
37,38,1
37,38,1
37,38,1
37,37,0
37,37,0
37,37,0
37,38,1
37,37,0
37,38,1
37,38,1
37,38,1
37,38,1
37,37,0
37,38,1
37,38,1
37,38,1
38,39,1
38,38,0
37,38,1
37,38,1
37,37,0
37,37,0
36,37,1
36,37,1
36,37,1
37,37,0
37,37,0
37,38,1
37,38,1
37,37,0
36,37,1
36,36,0
36,37,1
36,36,0
35,36,1
35,36,1
35,37,2
35,37,2
35,37,2
35,37,2
35,37,2
35,37,2
35,37,2
35,37,2
35,36,1
36,37,1
36,37,1
36,36,0
35,36,1
35,36,1
35,36,1
35,36,1
36,37,1
37,38,1
37,38,1
38,39,1
38,40,2
38,39,1
38,39,1
38,39,1
38,39,1
38,39,1
38,39,1
38,39,1
38,39,1
39,39,0
38,39,1
38,39,1
38,38,0
38,39,1
38,38,0
38,39,1
39,40,1
39,39,0
38,38,0
38,39,1
38,39,1
38,38,0
38,39,1
39,39,0
38,39,1
38,38,0
38,38,0
38,39,1
38,39,1
38,38,0
38,38,0
37,38,1
37,37,0
37,38,1
37,38,1
37,38,1
37,37,0
37,37,0
37,37,0
37,37,0
37,37,0
36,37,1
36,37,1
36,36,0
36,37,1
36,37,1
36,37,1
36,37,1
36,37,1
36,38,2
36,38,2
37,39,2
37,39,2
37,39,2
38,40,2
38,40,2
38,39,1
38,38,0
38,39,1
38,38,0
37,37,0
37,38,1
37,37,0
36,37,1
36,36,0
36,37,1
36,37,1
36,36,0
35,36,1
35,35,0
35,36,1
35,36,1
35,36,1
35,36,1
36,37,1
37,38,1
37,39,2
37,39,2
37,39,2
37,39,2
37,38,1
38,39,1
38,39,1
38,39,1
38,39,1
38,38,0
37,37,0
36,37,1
37,38,1
37,37,0
37,38,1
37,37,0
36,37,1
36,37,1
36,37,1
36,37,1
36,37,1
36,37,1
36,37,1
36,37,1
36,37,1
36,37,1
36,37,1
36,37,1
37,38,1
37,38,1
37,38,1
37,38,1
37,38,1
37,38,1
37,38,1
37,37,0
36,37,1
36,38,2
36,37,1
36,36,0
35,36,1
35,35,0
34,35,1
34,35,1
34,35,1
34,35,1
34,35,1
35,35,0
35,36,1
35,36,1
35,37,2
35,36,1
35,36,1
35,36,1
35,36,1
35,36,1
35,36,1
35,36,1
35,36,1
35,36,1
36,37,1
36,37,1
36,37,1
36,37,1
36,37,1
37,38,1
37,37,0
37,38,1
37,38,1
37,38,1
37,38,1
38,39,1
39,40,1
39,40,1
39,40,1
39,39,0
39,40,1
39,40,1
39,39,0
38,39,1
38,38,0
38,38,0
37,38,1
37,37,0
37,38,1
37,38,1
38,39,1
39,40,1
39,40,1
40,41,1
40,40,0
39,40,1
39,40,1
39,40,1
40,40,0
39,40,1
39,40,1
39,39,0
38,39,1
38,39,1
38,39,1
38,39,1
38,39,1
38,38,0
38,38,0
38,39,1
38,39,1
38,40,2
38,39,1
38,39,1
38,40,2
39,40,1
39,40,1
39,40,1
39,39,0
39,40,1
39,40,1
39,40,1
39,40,1
39,41,2
39,41,2
39,41,2
40,42,2
40,43,3
40,42,2
40,41,1
40,40,0
39,40,1
39,39,0
38,38,0
37,38,1
38,38,0
38,39,1
39,39,0
39,39,0
39,40,1
39,40,1
39,41,2
39,41,2
39,41,2
39,41,2
39,41,2
39,41,2
39,41,2
39,41,2
39,41,2
39,41,2
39,41,2
39,40,1
39,41,2
39,40,1
39,40,1
39,40,1
39,40,1
39,40,1
39,40,1
39,40,1
39,39,0
39,39,0
39,40,1
39,40,1
39,40,1
39,39,0
39,40,1
39,40,1
39,41,2
39,41,2
39,41,2
40,42,2
40,41,1
41,42,1
41,42,1
41,41,0
41,42,1
41,42,1
41,42,1
41,42,1
41,41,0
40,41,1
40,41,1
40,41,1
40,40,0
40,41,1
40,40,0
39,40,1
39,40,1
39,40,1
39,39,0
39,39,0
39,40,1
39,40,1
39,40,1
39,39,0
39,39,0
39,40,1
39,39,0
39,40,1
39,39,0
39,40,1
39,40,1
39,41,2
39,41,2
39,41,2
39,40,1
39,41,2
40,42,2
40,43,3
40,43,3
40,43,3
40,43,3
40,43,3
40,43,3
40,43,3
40,43,3
40,42,2
40,43,3
40,43,3
40,44,4
40,44,4
40,44,4
41,45,4
41,45,4
41,46,5
41,46,5
41,46,5
41,45,4
42,46,4
43,47,4
44,48,4
45,49,4
45,49,4
46,50,4
46,49,3
46,49,3
46,48,2
46,49,3
46,49,3
46,49,3
46,49,3
46,48,2
46,48,2
46,48,2
46,47,1
45,47,2
45,47,2
45,47,2
45,47,2
45,46,1
45,47,2
46,47,1
46,47,1
46,47,1
46,47,1
46,46,0
45,45,0
45,46,1
45,45,0
44,44,0
44,45,1
44,45,1
44,45,1
44,45,1
44,45,1
44,44,0
44,45,1
44,45,1
44,45,1
45,46,1
46,47,1
47,48,1
47,48,1
48,48,0
48,49,1
48,49,1
48,48,0
48,48,0
48,49,1
48,49,1
48,49,1
48,49,1
48,48,0
48,49,1
48,50,2
48,49,1
48,48,0
47,48,1
47,47,0
47,47,0
47,48,1
47,48,1
47,48,1
47,48,1
47,48,1
47,47,0
46,47,1
46,47,1
46,47,1
46,46,0
46,47,1
46,47,1
46,47,1
46,47,1
46,47,1
46,46,0
46,47,1
46,47,1
46,47,1
46,48,2
46,49,3
46,49,3
46,49,3
46,49,3
47,50,3
47,50,3
47,49,2
47,49,2
47,49,2
47,49,2
47,48,1
47,48,1
47,49,2
47,49,2
47,49,2
47,48,1
47,48,1
47,47,0
47,48,1
47,48,1
47,49,2
47,49,2
47,49,2
47,49,2
47,49,2
48,50,2
48,50,2
48,49,1
48,50,2
48,50,2
49,51,2
49,51,2
49,51,2
49,50,1
49,51,2
49,51,2
49,51,2
49,51,2
49,50,1
49,50,1
49,49,0
48,49,1
48,48,0
48,49,1
49,49,0
49,50,1
49,49,0
49,49,0
49,50,1
49,50,1
49,51,2
49,50,1
49,50,1
49,50,1
49,49,0
49,50,1
49,50,1
50,50,0
50,51,1
51,52,1
52,53,1
52,52,0
52,53,1
52,52,0
51,51,0
51,51,0
51,51,0
50,51,1
50,51,1
50,50,0
50,51,1
51,52,1
51,52,1
51,52,1
51,52,1
52,53,1
53,54,1
54,55,1
54,55,1
54,55,1
54,54,0
53,54,1
52,54,2
52,54,2
52,54,2
52,54,2
52,54,2
52,55,3
52,54,2
52,54,2
52,54,2
52,54,2
52,54,2
52,53,1
52,53,1
53,53,0
53,54,1
53,54,1
53,53,0
53,53,0
52,52,0
52,53,1
52,53,1
52,52,0
52,52,0
52,52,0
52,53,1
52,53,1
52,52,0
52,52,0
52,53,1
52,53,1
52,52,0
52,52,0
52,53,1
52,52,0
52,52,0
52,53,1
52,52,0
52,53,1
53,54,1
54,55,1
54,55,1
55,56,1
55,56,1
55,55,0
54,54,0
54,54,0
54,55,1
54,55,1
54,55,1
54,56,2
54,55,1
54,56,2
55,57,2
56,58,2
57,59,2
57,58,1
56,57,1
56,58,2
57,58,1
57,59,2
57,58,1
57,58,1
57,58,1
58,58,0
57,58,1
57,58,1
58,58,0
58,59,1
58,59,1
58,59,1
58,60,2
58,60,2
58,60,2
58,60,2
58,60,2
58,60,2
58,60,2
58,60,2
58,60,2
58,60,2
58,60,2
58,60,2
58,60,2
58,60,2
58,59,1
58,59,1
58,59,1
58,60,2
59,61,2
59,61,2
60,62,2
60,63,3
60,62,2
60,62,2
60,61,1
59,61,2
59,61,2
59,61,2
59,61,2
59,60,1
59,60,1
58,59,1
58,59,1
58,59,1
58,59,1
58,59,1
58,59,1
59,60,1
59,60,1
59,59,0
58,59,1
58,59,1
58,58,0
58,59,1
59,60,1
59,61,2
59,61,2
60,61,1
60,61,1
60,60,0
59,60,1
59,60,1
59,60,1
60,60,0
59,60,1
59,60,1
59,60,1
59,60,1
59,60,1
60,60,0
59,59,0
58,59,1
58,59,1
59,60,1
59,60,1
59,60,1
59,59,0
59,60,1
59,60,1
59,60,1
59,60,1
59,60,1
59,60,1
59,59,0
58,59,1
58,58,0
58,59,1
58,58,0
58,59,1
58,58,0
57,58,1
57,59,2
57,58,1
58,58,0
58,59,1
58,59,1
58,59,1
59,60,1
59,60,1
59,60,1
59,59,0
59,60,1
59,60,1
59,60,1
59,59,0
59,60,1
59,59,0
59,59,0
59,60,1
60,60,0
60,61,1
60,61,1
60,60,0
59,60,1
59,60,1
59,59,0
59,60,1
59,61,2
60,62,2
60,61,1
60,62,2
60,62,2
60,61,1
60,61,1
60,62,2
60,61,1
59,60,1
59,61,2
59,62,3
60,62,2
60,62,2
59,62,3
59,62,3
59,62,3
59,62,3
59,62,3
59,62,3
59,61,2
59,62,3
59,62,3
59,62,3
59,61,2
59,62,3
59,62,3
59,62,3
59,62,3
59,62,3
59,63,4
59,63,4
59,63,4
59,62,3
59,63,4
59,63,4
60,64,4
61,64,3
61,65,4
62,66,4
62,65,3
62,65,3
62,64,2
62,65,3
62,64,2
61,64,3
61,64,3
61,64,3
61,64,3
61,63,2
61,64,3
61,64,3
61,64,3
62,64,2
61,64,3
61,63,2
61,63,2
61,63,2
61,64,3
61,64,3
61,63,2
61,63,2
61,64,3
61,64,3
61,64,3
61,64,3
61,64,3
61,64,3
61,64,3
61,64,3
61,63,2
61,64,3
61,64,3
61,64,3
61,64,3
61,64,3
62,65,3
62,64,2
62,65,3
62,65,3
62,66,4
63,66,3
63,67,4
63,67,4
63,67,4
63,68,5
63,67,4
63,68,5
63,67,4
62,67,5
63,68,5
63,68,5
63,68,5
64,69,5
64,69,5
64,69,5
64,69,5
64,69,5
64,69,5
64,69,5
64,69,5
64,68,4
64,68,4
64,68,4
63,68,5
64,69,5
65,70,5
65,70,5
65,70,5
65,69,4
65,70,5
65,70,5
65,71,6
65,71,6
65,71,6
66,71,5
66,72,6
66,71,5
65,71,6
65,70,5
65,70,5
65,71,6
65,70,5
65,71,6
65,71,6
65,70,5
65,70,5
65,70,5
65,69,4
65,70,5
65,70,5
65,70,5
66,70,4
65,70,5
65,70,5
65,70,5
65,70,5
66,71,5
66,71,5
66,71,5
66,71,5
66,71,5
67,72,5
68,73,5
68,72,4
68,72,4
68,72,4
68,72,4
68,71,3
68,72,4
68,72,4
68,71,3
68,72,4
68,72,4
68,72,4
68,72,4
68,72,4
68,72,4
68,71,3
68,72,4
68,72,4
68,72,4
68,72,4
68,73,5
68,72,4
68,72,4
68,72,4
69,73,4
69,72,3
69,73,4
69,73,4
69,73,4
69,73,4
69,73,4
69,73,4
69,72,3
69,73,4
69,74,5
69,74,5
70,75,5
70,75,5
70,75,5
71,75,4
71,76,5
71,77,6
72,78,6
72,77,5
72,76,4
72,76,4
72,77,5
72,77,5
72,77,5
72,78,6
72,78,6
72,78,6
72,78,6
72,78,6
72,77,5
72,77,5
72,77,5
72,77,5
72,77,5
72,76,4
71,76,5
71,76,5
72,77,5
72,76,4
71,75,4
71,75,4
71,75,4
72,76,4
72,75,3
71,75,4
71,75,4
71,75,4
71,75,4
71,74,3
71,75,4
71,74,3
71,74,3
71,74,3
71,74,3
71,74,3
71,74,3
72,75,3
73,75,2
72,74,2
72,74,2
72,74,2
71,74,3
71,74,3
71,74,3
71,74,3
71,74,3
71,74,3
71,74,3
71,74,3
71,74,3
71,74,3
71,75,4
71,75,4
72,75,3
72,75,3
72,75,3
72,75,3
72,75,3
72,75,3
73,76,3
73,75,2
73,76,3
73,77,4
73,77,4
73,77,4
73,77,4
74,78,4
74,77,3
74,78,4
74,78,4
75,79,4
76,80,4
76,79,3
76,80,4
76,79,3
77,80,3
77,80,3
77,81,4
77,81,4
77,81,4
77,81,4
77,81,4
78,82,4
78,81,3
78,81,3
78,81,3
78,81,3
78,80,2
77,80,3
78,81,3
78,81,3
78,81,3
78,81,3
78,80,2
78,80,2
77,80,3
77,80,3
77,80,3
77,80,3
77,79,2
77,79,2
77,79,2
76,79,3
76,78,2
75,77,2
74,77,3
74,77,3
74,76,2
73,76,3
74,77,3
74,76,2
74,76,2
73,76,3
73,76,3
73,76,3
73,76,3
73,76,3
73,77,4
73,76,3
73,76,3
74,76,2
74,77,3
74,77,3
74,77,3
74,78,4
75,79,4
75,79,4
75,79,4
75,79,4
75,79,4
75,78,3
75,78,3
75,79,4
75,79,4
75,79,4
75,79,4
75,78,3
75,78,3
75,79,4
75,79,4
75,79,4
75,79,4
76,80,4
76,80,4
76,79,3
76,79,3
76,80,4
76,79,3
76,80,4
76,80,4
76,79,3
76,78,2
76,79,3
76,78,2
76,78,2
76,78,2
76,78,2
76,78,2
75,78,3
75,78,3
75,79,4
75,79,4
75,79,4
75,79,4
75,80,5
75,80,5
75,81,6
75,81,6
75,81,6
76,81,5
76,80,4
76,80,4
76,79,3
76,80,4
77,81,4
77,81,4
77,80,3
76,80,4
76,81,5
76,81,5
76,81,5
76,80,4
76,81,5
76,81,5
76,81,5
76,80,4
76,80,4
76,80,4
76,80,4
76,80,4
76,80,4
76,80,4
77,80,3
76,80,4
76,80,4
76,79,3
75,79,4
75,79,4
75,79,4
75,78,3
75,79,4
76,80,4
76,80,4
76,80,4
76,80,4
76,80,4
76,80,4
76,81,5
76,81,5
76,81,5
76,81,5
76,80,4
76,80,4
76,80,4
76,79,3
76,80,4
76,81,5
77,82,5
77,83,6
77,83,6
77,83,6
77,83,6
78,84,6
78,83,5
78,83,5
78,82,4
78,81,3
78,81,3
78,81,3
78,81,3
79,82,3
80,83,3
80,82,2
80,82,2
80,82,2
81,83,2
80,82,2
80,82,2
80,81,1
80,81,1
80,81,1
80,81,1
81,81,0
81,81,0
81,82,1
81,82,1
81,82,1
81,82,1
81,82,1
81,82,1
81,82,1
81,82,1
81,81,0
81,82,1
81,82,1
81,82,1
81,83,2
81,82,1
81,83,2
81,82,1
81,82,1
81,82,1
81,82,1
81,83,2
81,83,2
81,82,1
81,83,2
81,84,3
81,84,3
81,84,3
81,84,3
81,83,2
81,83,2
82,83,1
82,84,2
83,84,1
83,83,0
82,83,1
82,83,1
82,83,1
82,82,0
81,82,1
81,82,1
81,82,1
82,83,1
83,83,0
82,83,1
82,82,0
81,81,0
80,80,0
80,81,1
80,81,1
81,82,1
81,81,0
80,81,1
81,81,0
81,82,1
81,82,1
81,81,0
80,80,0
79,79,0
79,80,1
79,80,1
79,80,1
80,80,0
79,80,1
79,80,1
79,81,2
79,81,2
79,81,2
79,81,2
79,81,2
79,81,2
79,81,2
79,81,2
79,81,2
80,82,2
80,81,1
80,81,1
80,81,1
81,82,1
82,83,1
83,84,1
84,85,1
84,85,1
84,84,0
84,85,1
84,85,1
84,85,1
85,85,0
84,85,1
85,86,1
85,86,1
85,86,1
85,86,1
85,87,2
85,87,2
86,87,1
86,86,0
86,86,0
86,86,0
85,86,1
85,86,1
85,86,1
85,86,1
85,85,0
84,85,1
84,84,0
84,85,1
84,84,0
84,85,1
84,84,0
83,84,1
83,84,1
83,84,1
83,85,2
83,84,1
83,83,0
83,83,0
83,83,0
82,83,1
82,83,1
82,83,1
82,83,1
82,84,2
82,84,2
82,84,2
82,84,2
82,84,2
82,84,2
82,85,3
82,85,3
82,84,2
82,83,1
82,83,1
83,83,0
83,84,1
84,85,1
84,84,0
83,83,0
82,83,1
82,83,1
82,83,1
83,84,1
83,84,1
84,84,0
83,83,0
82,82,0
82,83,1
82,83,1
82,83,1
83,84,1
83,84,1
83,83,0
83,84,1
83,85,2
83,86,3
83,85,2
83,85,2
83,84,1
83,84,1
83,84,1
83,85,2
83,84,1
83,83,0
83,84,1
83,84,1
83,84,1
83,83,0
83,84,1
84,85,1
84,84,0
84,85,1
84,85,1
84,84,0
83,84,1
83,83,0
83,84,1
83,84,1
83,84,1
83,84,1
83,83,0
83,84,1
84,84,0
84,85,1
84,85,1
85,86,1
85,86,1
86,87,1
86,87,1
86,88,2
86,89,3
87,90,3
88,91,3
88,90,2
87,90,3
87,89,2
87,89,2
87,90,3
88,91,3
89,92,3
90,92,2
89,91,2
89,90,1
88,90,2
88,91,3
88,92,4
88,91,3
88,92,4
88,91,3
88,91,3
88,91,3
88,91,3
88,90,2
88,90,2
88,89,1
87,89,2
87,88,1
87,89,2
87,88,1
87,88,1
87,88,1
87,88,1
87,88,1
87,89,2
87,88,1
87,88,1
87,88,1
87,89,2
87,89,2
87,88,1
87,87,0
87,87,0
86,86,0
86,87,1
87,88,1
88,89,1
88,89,1
88,88,0
88,89,1
88,88,0
87,88,1
87,87,0
87,87,0
87,88,1
87,88,1
87,87,0
86,87,1
86,87,1
87,88,1
87,87,0
87,88,1
87,87,0
87,87,0
87,88,1
87,87,0
87,88,1
87,88,1
87,87,0
86,87,1
86,87,1
86,87,1
86,86,0
86,86,0
86,87,1
86,87,1
86,87,1
86,87,1
86,88,2
86,88,2
86,88,2
86,88,2
86,88,2
86,88,2
87,89,2
87,89,2
87,89,2
87,89,2
87,90,3
87,89,2
87,89,2
87,89,2
87,90,3
87,90,3
88,90,2
88,89,1
88,90,2
88,91,3
88,91,3
88,91,3
89,92,3
89,91,2
89,92,3
89,92,3
89,92,3
90,93,3
90,93,3
90,93,3
90,92,2
90,93,3
90,93,3
90,92,2
89,92,3
89,93,4
89,93,4
89,93,4
89,93,4
89,93,4
89,93,4
89,93,4
89,93,4
89,93,4
89,92,3
89,92,3
90,93,3
90,94,4
90,93,3
90,92,2
90,92,2
90,92,2
90,92,2
90,92,2
91,93,2
91,93,2
91,92,1
90,92,2
90,92,2
91,93,2
91,93,2
92,94,2
92,94,2
92,93,1
92,92,0
92,93,1
92,92,0
91,92,1
91,92,1
91,92,1
91,92,1
91,91,0
90,91,1
90,91,1
90,91,1
90,91,1
90,91,1
90,91,1
90,90,0
89,90,1
90,90,0
89,90,1
89,91,2
89,90,1
88,89,1
88,89,1
88,89,1
88,89,1
88,90,2
88,91,3
88,90,2
89,90,1
89,91,2
89,90,1
88,90,2
88,90,2
88,90,2
88,90,2
88,89,1
88,90,2
88,90,2
88,89,1
88,90,2
88,90,2
88,91,3
88,90,2
88,90,2
88,90,2
88,90,2
88,90,2
88,90,2
88,90,2
88,89,1
88,90,2
88,90,2
88,91,3
88,91,3
88,91,3
88,91,3
88,90,2
88,89,1
88,89,1
88,88,0
88,89,1
88,89,1
88,88,0
88,89,1
88,89,1
88,88,0
88,89,1
88,88,0
88,89,1
88,88,0
88,88,0
88,89,1
89,90,1
89,90,1
89,90,1
90,91,1
90,91,1
91,92,1
91,92,1
91,93,2
91,93,2
91,93,2
91,93,2
91,93,2
92,93,1
92,93,1
92,93,1
92,92,0
91,91,0
91,92,1
92,93,1
92,93,1
92,93,1
93,93,0
92,92,0
91,92,1
91,92,1
91,92,1
91,92,1
91,92,1
92,93,1
93,93,0
92,93,1
92,93,1
93,93,0
93,93,0
92,93,1
92,92,0
91,92,1
91,93,2
91,93,2
92,94,2
92,93,1
92,94,2
92,94,2
92,94,2
92,94,2
92,95,3
92,94,2
92,95,3
93,95,2
93,94,1
93,95,2
93,95,2
93,95,2
93,95,2
93,94,1
93,93,0
92,92,0
91,92,1
92,92,0
92,92,0
92,92,0
92,93,1
92,93,1
92,93,1
92,92,0
91,92,1
91,92,1
91,92,1
91,91,0
91,91,0
91,92,1
91,92,1
91,92,1
91,91,0
91,91,0
90,91,1
90,91,1
90,91,1
90,91,1
90,91,1
91,92,1
91,92,1
91,92,1
91,92,1
91,92,1
91,92,1
91,91,0
91,92,1
91,92,1
92,93,1
92,92,0
92,92,0
92,93,1
92,93,1
92,93,1
92,93,1
92,92,0
92,93,1
92,93,1
92,93,1
92,93,1
92,93,1
92,93,1
93,93,0
93,93,0
92,93,1
92,92,0
92,92,0
92,93,1
92,93,1
92,93,1
93,94,1
93,94,1
93,94,1
93,93,0
93,93,0
93,93,0
93,93,0
93,94,1
93,94,1
94,95,1
95,96,1
95,96,1
95,96,1
95,96,1
95,96,1
95,96,1
95,97,2
95,97,2
96,98,2
96,98,2
96,97,1
96,96,0
95,95,0
94,95,1
94,94,0
93,93,0
92,93,1
93,94,1
93,94,1
93,93,0
93,94,1
93,94,1
93,94,1
93,94,1
93,93,0
93,94,1
93,94,1
93,93,0
93,93,0
93,94,1
94,94,0
94,94,0
94,94,0
94,94,0
94,94,0
94,94,0
94,95,1
94,94,0
94,95,1
94,95,1
94,95,1
94,95,1
94,95,1
94,95,1
94,96,2
94,96,2
95,96,1
95,95,0
95,96,1
95,95,0
95,96,1
95,95,0
95,96,1
95,96,1
95,97,2
95,96,1
95,96,1
95,96,1
95,96,1
95,95,0
95,96,1
95,96,1
96,97,1
96,96,0
96,96,0
95,96,1
95,96,1
96,97,1
97,97,0
97,97,0
97,98,1
98,99,1
98,98,0
97,98,1
97,98,1
97,97,0
97,98,1
97,98,1
97,97,0
96,97,1
97,97,0
97,98,1
97,99,2
97,99,2
97,99,2
97,99,2
97,99,2
97,98,1
97,97,0
97,98,1
97,97,0
97,97,0
97,98,1
97,98,1
97,98,1
97,98,1
97,98,1
97,98,1
97,98,1
97,98,1
97,98,1
97,99,2
98,100,2
98,99,1
97,99,2
98,99,1
97,98,1
97,99,2
97,99,2
97,99,2
97,98,1
97,99,2
97,98,1
97,98,1
97,98,1
97,98,1
98,98,0
98,98,0
98,99,1
98,98,0
98,99,1
98,99,1
98,99,1
99,100,1
99,100,1
99,99,0
98,98,0
97,97,0
97,98,1
97,99,2
97,99,2
97,99,2
97,99,2
97,99,2
97,99,2
97,98,1
97,98,1
98,99,1
99,100,1
99,100,1
99,100,1
99,100,1
99,100,1
99,100,1
99,99,0
99,100,1
99,100,1
99,100,1
99,100,1
99,99,0
98,99,1
98,99,1
98,99,1
98,98,0
97,98,1
98,98,0
97,98,1
98,99,1
98,99,1
98,99,1
98,98,0
98,99,1
98,99,1
98,98,0
97,98,1
97,98,1
97,98,1
97,98,1
97,99,2
97,99,2
98,100,2
98,100,2
98,99,1
97,99,2
97,99,2
97,98,1
97,99,2
97,98,1
97,98,1
97,99,2
97,99,2
97,99,2
97,99,2
97,99,2
97,99,2
97,98,1
97,99,2
97,98,1
97,99,2
98,100,2
98,100,2
98,99,1
98,98,0
98,99,1
98,99,1
98,99,1
98,99,1
99,100,1
99,101,2
99,100,1
99,100,1
99,100,1
99,100,1
99,101,2
100,102,2
100,102,2
100,102,2
100,102,2
101,103,2
102,104,2
103,104,1
103,105,2
104,106,2
105,106,1
105,106,1
105,106,1
105,105,0
104,105,1
105,105,0
105,106,1
105,106,1
105,106,1
105,106,1
105,106,1
105,107,2
105,106,1
105,105,0
105,105,0
105,105,0
105,105,0
104,105,1
104,105,1
104,105,1
104,104,0
104,105,1
104,105,1
105,106,1
105,106,1
105,106,1
105,105,0
105,106,1
106,106,0
106,106,0
105,105,0
104,105,1
104,105,1
104,105,1
104,104,0
103,104,1
103,104,1
103,103,0
102,103,1
102,103,1
102,103,1
102,103,1
103,104,1
103,103,0
103,103,0
102,103,1
102,104,2
102,104,2
102,104,2
101,104,3
102,104,2
102,105,3
102,105,3
102,105,3
102,104,2
102,104,2
102,104,2
102,104,2
102,104,2
102,104,2
102,104,2
102,104,2
102,104,2
102,105,3
103,106,3
103,105,2
102,104,2
102,105,3
103,106,3
103,105,2
102,105,3
102,105,3
102,105,3
102,104,2
102,103,1
102,104,2
102,103,1
102,104,2
102,104,2
102,104,2
102,103,1
101,103,2
101,103,2
101,103,2
101,103,2
101,103,2
101,102,1
100,102,2
100,102,2
100,102,2
100,102,2
100,102,2
100,101,1
100,102,2
100,102,2
100,103,3
100,104,4
100,104,4
100,103,3
100,103,3
100,102,2
100,102,2
100,103,3
101,104,3
102,105,3
103,106,3
104,106,2
104,107,3
105,108,3
105,108,3
106,109,3
106,108,2
105,108,3
105,107,2
106,107,1
105,107,2
106,107,1
106,108,2
106,108,2
106,108,2
106,108,2
106,107,1
105,107,2
105,107,2
105,106,1
104,105,1
103,105,2
103,105,2
103,105,2
104,106,2
105,107,2
105,107,2
105,106,1
104,106,2
105,107,2
105,107,2
105,107,2
105,107,2
105,107,2
105,106,1
105,107,2
105,107,2
105,108,3
106,109,3
106,110,4
106,110,4
106,109,3
106,109,3
106,110,4
107,111,4
107,111,4
107,111,4
107,111,4
107,111,4
108,112,4
109,113,4
109,112,3
109,112,3
109,113,4
109,113,4
109,113,4
109,113,4
109,113,4
109,113,4
109,112,3
108,112,4
108,112,4
108,111,3
108,112,4
108,112,4
108,113,5
108,113,5
108,113,5
109,113,4
109,113,4
109,113,4
109,112,3
109,113,4
109,112,3
109,113,4
109,112,3
109,113,4
109,113,4
109,112,3
109,112,3
109,111,2
109,112,3
109,111,2
109,112,3
109,112,3
109,112,3
110,112,2
110,113,3
111,114,3
111,115,4
111,115,4
111,115,4
111,115,4
111,115,4
111,115,4
111,115,4
111,114,3
111,115,4
112,116,4
113,117,4
113,117,4
113,118,5
113,117,4
114,118,4
114,118,4
114,117,3
114,118,4
114,118,4
114,117,3
114,116,2
114,117,3
114,118,4
114,118,4
114,118,4
114,118,4
114,118,4
114,117,3
114,118,4
114,118,4
114,118,4
114,118,4
115,119,4
115,119,4
115,118,3
115,118,3
115,118,3
115,117,2
115,118,3
115,118,3
115,118,3
115,117,2
115,118,3
115,118,3
115,118,3
115,118,3
115,118,3
115,118,3
115,117,2
115,117,2
115,118,3
116,119,3
116,118,2
116,119,3
116,119,3
117,119,2
117,120,3
117,120,3
117,121,4
117,120,3
117,120,3
117,120,3
118,121,3
118,121,3
118,120,2
118,120,2
117,120,3
117,119,2
117,119,2
117,119,2
117,119,2
117,119,2
117,119,2
117,119,2
117,118,1
117,118,1
117,117,0
116,117,1
116,117,1
116,117,1
116,116,0
116,117,1
116,116,0
115,116,1
115,116,1
115,116,1
115,116,1
115,116,1
115,116,1
115,115,0
114,114,0
114,114,0
114,115,1
114,115,1
114,115,1
114,114,0
114,115,1
115,116,1
116,117,1
116,116,0
116,117,1
116,117,1
116,116,0
115,116,1
115,116,1
115,115,0
115,116,1
115,116,1
115,116,1
115,115,0
115,115,0
114,115,1
114,115,1
115,116,1
115,116,1
115,116,1
115,116,1
115,115,0
114,114,0
114,115,1
114,115,1
114,115,1
114,115,1
114,114,0
114,115,1
114,115,1
114,115,1
114,115,1
114,114,0
114,115,1
114,114,0
114,115,1
115,115,0
115,116,1
115,116,1
115,116,1
115,115,0
114,115,1
115,116,1
116,116,0
115,116,1
115,116,1
115,116,1
115,115,0
114,115,1
114,115,1
114,115,1
114,114,0
114,115,1
114,114,0
114,115,1
114,114,0
114,115,1
114,114,0
113,113,0
113,114,1
113,114,1
114,115,1
114,115,1
114,114,0
113,114,1
113,114,1
113,114,1
113,114,1
113,114,1
113,114,1
113,114,1
113,114,1
113,113,0
113,114,1
113,114,1
113,113,0
113,114,1
113,113,0
113,114,1
113,114,1
114,115,1
114,115,1
114,115,1
114,114,0
113,113,0
113,113,0
113,114,1
113,114,1
113,114,1
113,114,1
114,115,1
114,115,1
114,115,1
114,114,0
113,114,1
113,114,1
113,113,0
112,113,1
113,114,1
113,114,1
113,114,1
113,114,1
113,114,1
113,114,1
113,114,1
113,114,1
113,114,1
113,113,0
112,113,1
112,113,1
112,114,2
113,114,1
113,115,2
113,115,2
113,115,2
113,115,2
113,115,2
113,115,2
113,116,3
114,117,3
114,116,2
115,116,1
115,117,2
115,117,2
115,117,2
115,117,2
115,117,2
115,117,2
115,117,2
115,116,1
115,115,0
114,115,1
114,114,0
113,114,1
113,114,1
113,113,0
112,112,0
111,112,1
111,111,0
110,111,1
110,110,0
110,110,0
109,109,0
108,109,1
108,109,1
108,108,0
108,109,1
108,109,1
108,109,1
109,110,1
109,111,2
109,111,2
109,111,2
109,111,2
110,112,2
111,112,1
111,112,1
111,111,0
111,111,0
111,112,1
111,112,1
112,113,1
113,114,1
113,114,1
113,113,0
112,112,0
111,112,1
111,112,1
111,112,1
111,112,1
111,112,1
111,112,1
111,112,1
111,112,1
111,112,1
111,112,1
110,112,2
110,112,2
110,112,2
111,113,2
111,113,2
111,113,2
111,113,2
111,112,1
110,112,2
110,112,2
110,112,2
110,112,2
110,111,1
110,112,2
110,112,2
110,112,2
110,111,1
110,112,2
110,112,2
110,112,2
111,112,1
111,111,0
110,111,1
110,111,1
110,111,1
110,111,1
110,110,0
110,111,1
110,111,1
110,110,0
110,111,1
110,110,0
109,110,1
109,110,1
109,110,1
109,110,1
109,110,1
109,110,1
109,110,1
109,110,1
109,109,0
109,110,1
109,109,0
109,110,1
109,110,1
109,110,1
109,110,1
109,111,2
109,112,3
109,112,3
109,112,3
109,112,3
109,112,3
109,112,3
109,112,3
109,111,2
109,112,3
109,112,3
109,112,3
109,112,3
109,112,3
109,112,3
109,112,3
109,112,3
110,112,2
110,112,2
110,112,2
110,112,2
110,112,2
110,112,2
110,112,2
110,111,1
110,112,2
110,112,2
111,113,2
111,112,1
111,112,1
111,113,2
111,113,2
111,114,3
111,114,3
111,113,2
111,112,1
110,111,1
109,110,1
108,110,2
108,110,2
108,110,2
109,110,1
108,110,2
107,110,3
107,110,3
107,110,3
107,110,3
107,109,2
107,110,3
107,110,3
107,110,3
107,110,3
107,109,2
107,109,2
107,110,3
108,111,3
108,111,3
108,112,4
108,112,4
108,112,4
108,111,3
108,111,3
108,111,3
108,110,2
108,111,3
108,110,2
108,110,2
108,111,3
108,111,3
108,110,2
108,111,3
108,111,3
108,110,2
108,110,2
109,111,2
109,110,1
109,110,1
109,111,2
109,110,1
109,110,1
109,110,1
109,110,1
109,110,1
109,110,1
109,109,0
108,109,1
108,108,0
107,107,0
107,107,0
106,106,0
106,107,1
106,107,1
106,107,1
106,107,1
107,108,1
107,108,1
107,108,1
107,108,1
107,108,1
107,107,0
107,108,1
108,108,0
107,108,1
107,108,1
107,108,1
107,108,1
107,108,1
108,109,1
108,109,1
108,109,1
109,110,1
109,111,2
109,111,2
109,111,2
109,111,2
109,111,2
109,111,2
109,111,2
109,111,2
110,112,2
111,113,2
111,113,2
111,113,2
111,113,2
111,112,1
111,112,1
111,111,0
111,112,1
112,112,0
112,113,1
112,113,1
112,113,1
112,113,1
112,113,1
112,113,1
112,113,1
112,113,1
112,113,1
112,112,0
112,113,1
112,113,1
113,114,1
113,115,2
113,115,2
113,114,1
113,114,1
113,114,1
113,114,1
113,113,0
113,113,0
113,113,0
113,114,1
113,113,0
112,113,1
112,113,1
112,113,1
112,113,1
113,114,1
113,114,1
114,115,1
114,115,1
114,114,0
114,114,0
114,115,1
114,114,0
114,115,1
114,115,1
114,115,1
114,114,0
114,114,0
114,115,1
114,115,1
115,116,1
115,115,0
114,115,1
114,115,1
114,115,1
115,116,1
115,116,1
115,116,1
115,116,1
115,116,1
115,115,0
115,115,0
114,114,0
114,115,1
114,114,0
114,115,1
114,115,1
114,115,1
114,114,0
114,115,1
114,115,1
114,115,1
114,114,0
113,114,1
113,113,0
113,113,0
112,113,1
112,113,1
112,112,0
112,113,1
112,113,1
112,113,1
112,113,1
113,114,1
113,113,0
113,114,1
113,114,1
113,114,1
113,113,0
113,113,0
113,114,1
113,113,0
112,113,1
112,113,1
112,113,1
112,113,1
113,114,1
113,113,0
112,112,0
112,113,1
112,113,1
112,112,0
112,113,1
112,113,1
112,113,1
112,113,1
112,113,1
112,112,0
112,112,0
112,112,0
112,113,1
112,113,1
112,112,0
112,113,1
112,112,0
112,113,1
112,113,1
113,114,1
113,114,1
113,114,1
113,115,2
113,114,1
113,115,2
113,114,1
113,114,1
114,115,1
114,115,1
114,115,1
114,116,2
114,116,2
114,116,2
114,116,2
114,116,2
114,116,2
114,116,2
115,116,1
115,117,2
116,118,2
117,118,1
117,117,0
116,116,0
115,116,1
115,116,1
116,117,1
117,118,1
118,118,0
118,119,1
118,120,2
118,120,2
119,121,2
119,121,2
120,122,2
120,122,2
121,122,1
121,121,0
121,122,1
121,121,0
121,121,0
121,121,0
120,121,1
120,121,1
120,121,1
120,121,1
120,120,0
119,120,1
119,120,1
119,120,1
118,120,2
118,120,2
118,120,2
118,120,2
118,120,2
118,119,1
118,119,1
118,119,1
118,119,1
118,118,0
117,118,1
117,117,0
116,117,1
116,116,0
115,116,1
116,116,0
116,117,1
117,118,1
117,118,1
117,118,1
117,117,0
117,118,1
116,118,2
116,118,2
116,118,2
116,118,2
116,119,3
116,119,3
116,119,3
116,119,3
117,119,2
117,119,2
117,120,3
117,120,3
117,119,2
117,120,3
117,119,2
117,120,3
117,120,3
117,119,2
117,118,1
117,119,2
117,119,2
117,118,1
116,118,2
116,118,2
116,118,2
116,119,3
116,119,3
116,119,3
116,119,3
116,119,3
116,119,3
116,118,2
116,118,2
116,118,2
116,118,2
117,119,2
118,120,2
118,119,1
118,119,1
118,119,1
118,119,1
118,119,1
118,120,2
118,120,2
118,120,2
118,120,2
118,120,2
118,120,2
118,120,2
118,119,1
118,120,2
118,120,2
118,120,2
118,119,1
118,120,2
118,120,2
118,120,2
118,119,1
118,119,1
118,119,1
118,119,1
118,119,1
118,118,0
118,119,1
118,118,0
118,118,0
118,119,1
118,119,1
118,119,1
118,119,1
118,119,1
118,119,1
118,118,0
118,119,1
118,119,1
118,119,1
118,120,2
118,119,1
118,120,2
118,119,1
118,120,2
118,120,2
119,121,2
119,121,2
119,121,2
120,121,1
119,120,1
119,121,2
119,121,2
119,122,3
119,122,3
120,123,3
120,123,3
120,123,3
120,123,3
120,123,3
120,122,2
120,122,2
121,123,2
121,122,1
121,123,2
121,122,1
121,122,1
121,122,1
121,122,1
121,122,1
121,122,1
121,121,0
120,120,0
119,120,1
119,120,1
120,121,1
120,121,1
120,121,1
120,120,0
120,121,1
120,121,1
120,121,1
120,121,1
120,120,0
120,121,1
120,121,1
120,121,1
120,120,0
120,120,0
120,120,0
120,120,0
120,121,1
120,120,0
120,120,0
120,120,0
120,121,1
120,121,1
120,121,1
121,122,1
121,122,1
121,123,2
121,123,2
121,124,3
121,124,3
121,123,2
121,124,3
121,124,3
121,123,2
120,122,2
120,123,3
120,123,3
120,123,3
120,123,3
120,123,3
120,123,3
120,124,4
121,125,4
121,125,4
122,126,4
123,127,4
123,126,3
123,125,2
123,126,3
124,126,2
124,126,2
124,126,2
125,126,1
125,126,1
125,125,0
124,125,1
124,124,0
123,124,1
123,124,1
123,125,2
123,125,2
123,124,1
123,124,1
123,123,0
122,123,1
122,122,0
122,122,0
121,121,0
120,121,1
121,122,1
122,123,1
121,123,2
122,123,1
122,123,1
122,122,0
122,123,1
122,123,1
122,122,0
121,122,1
121,122,1
121,121,0
120,121,1
120,120,0
119,120,1
119,121,2
119,120,1
120,120,0
119,119,0
119,120,1
119,119,0
119,119,0
118,119,1
119,120,1
120,121,1
120,121,1
120,121,1
120,122,2
120,122,2
120,122,2
120,122,2
120,122,2
120,122,2
120,121,1
120,121,1
120,120,0
120,120,0
120,121,1
120,120,0
120,120,0
120,120,0
120,121,1
121,121,0
120,121,1
121,122,1
121,122,1
121,123,2
121,123,2
121,123,2
121,123,2
121,122,1
121,121,0
120,121,1
121,122,1
121,122,1
121,122,1
121,122,1
121,121,0
120,121,1
120,120,0
120,121,1
120,121,1
120,120,0
119,120,1
119,120,1
119,120,1
119,120,1
119,120,1
119,120,1
119,120,1
119,120,1
119,119,0
119,119,0
119,119,0
119,120,1
119,120,1
119,120,1
119,120,1
119,119,0
119,120,1
119,120,1
119,120,1
119,120,1
119,120,1
119,120,1
119,120,1
119,120,1
120,121,1
120,120,0
120,120,0
119,120,1
119,120,1
119,120,1
119,120,1
119,121,2
119,121,2
119,120,1
119,120,1
119,120,1
119,119,0
118,119,1
118,120,2
118,120,2
118,121,3
118,121,3
118,121,3
118,120,2
119,121,2
119,121,2
119,121,2
119,121,2
119,121,2
120,121,1
121,122,1
122,123,1
123,123,0
123,123,0
123,123,0
123,124,1
123,124,1
123,124,1
123,124,1
123,124,1
123,124,1
123,124,1
123,123,0
123,123,0
123,123,0
123,124,1
123,124,1
124,125,1
124,125,1
124,124,0
124,124,0
124,125,1
124,125,1
124,125,1
124,125,1
124,125,1
124,124,0
123,124,1
124,124,0
123,124,1
123,124,1
123,123,0
123,124,1
123,124,1
123,124,1
123,124,1
123,124,1
124,125,1
124,125,1
124,126,2
124,126,2
124,126,2
124,126,2
125,126,1
125,127,2
126,128,2
126,128,2
126,128,2
126,128,2
126,128,2
126,127,1
126,127,1
126,127,1
126,126,0
125,126,1
125,126,1
125,126,1
125,126,1
125,125,0
124,125,1
124,125,1
124,124,0
124,125,1
124,124,0
123,123,0
122,123,1
122,124,2
122,123,1
122,122,0
122,123,1
122,123,1
122,123,1
122,124,2
122,124,2
122,123,1
122,124,2
122,124,2
122,124,2
122,123,1
122,124,2
122,125,3
122,125,3
122,125,3
122,125,3
122,125,3
122,125,3
122,124,2
123,124,1
123,125,2
123,125,2
123,125,2
123,124,1
123,125,2
123,124,1
123,125,2
124,126,2
124,126,2
124,126,2
124,126,2
124,126,2
125,127,2
125,126,1
125,127,2
125,126,1
124,125,1
124,126,2
124,125,1
124,125,1
124,125,1
124,125,1
124,124,0
123,124,1
123,124,1
123,124,1
123,124,1
122,124,2
122,124,2
123,125,2
124,126,2
124,126,2
125,127,2
125,126,1
125,126,1
125,125,0
125,126,1
125,126,1
125,126,1
125,125,0
124,125,1
124,125,1
124,124,0
124,124,0
124,125,1
124,125,1
124,124,0
123,124,1
123,124,1
123,124,1
123,124,1
124,125,1
125,125,0
124,125,1
124,126,2
124,126,2
124,126,2
124,125,1
124,125,1
124,124,0
124,124,0
123,124,1
123,124,1
123,124,1
123,124,1
124,125,1
124,125,1
124,125,1
124,124,0
124,125,1
124,125,1
124,125,1
124,125,1
124,125,1
125,125,0
124,125,1
124,125,1
124,125,1
124,125,1
124,125,1
124,125,1
124,124,0
124,125,1
124,125,1
124,125,1
124,125,1
124,124,0
124,125,1
124,125,1
124,125,1
124,125,1
124,125,1
124,124,0
124,125,1
124,125,1
124,124,0
124,124,0
124,125,1
124,124,0
124,125,1
124,125,1
124,124,0
124,125,1
124,125,1
124,125,1
124,125,1
124,125,1
124,124,0
123,124,1
123,124,1
123,123,0
123,124,1
123,123,0
123,124,1
123,124,1
123,124,1
123,124,1
124,124,0
124,125,1
124,125,1
124,124,0
124,124,0
124,125,1
124,125,1
124,124,0
123,123,0
122,123,1
122,123,1
122,122,0
121,122,1
121,123,2
122,124,2
122,123,1
122,124,2
123,125,2
124,126,2
124,126,2
124,126,2
125,127,2
125,127,2
125,126,1
125,126,1
125,126,1
125,125,0
125,125,0
125,126,1
125,126,1
125,126,1
125,126,1
125,126,1
124,126,2
124,126,2
124,126,2
124,126,2
124,126,2
125,127,2
125,127,2
126,128,2
126,128,2
126,128,2
126,128,2
126,128,2
126,127,1
126,127,1
126,127,1
126,128,2
126,128,2
126,128,2
126,128,2
126,128,2
127,129,2
127,128,1
127,129,2
127,129,2
127,128,1
126,128,2
126,128,2
126,128,2
126,127,1
126,127,1
126,128,2
126,127,1
127,128,1
127,128,1
127,128,1
127,128,1
127,128,1
127,128,1
127,128,1
127,128,1
127,128,1
128,129,1
128,129,1
127,129,2
127,129,2
127,128,1
127,128,1
127,129,2
127,128,1
126,128,2
126,128,2
126,128,2
127,129,2
128,129,1
128,129,1
129,129,0
129,130,1
129,130,1
129,130,1
129,130,1
129,129,0
128,128,0
128,129,1
128,129,1
128,128,0
128,128,0
128,129,1
128,128,0
128,129,1
128,129,1
128,129,1
128,129,1
128,129,1
128,128,0
128,128,0
127,128,1
127,128,1
127,127,0
126,127,1
126,127,1
126,127,1
126,127,1
126,126,0
125,125,0
124,125,1
124,125,1
124,125,1
125,126,1
126,127,1
126,126,0
126,127,1
127,128,1
127,128,1
127,127,0
126,126,0
125,125,0
124,125,1
124,125,1
125,126,1
125,126,1
125,125,0
125,125,0
125,125,0
125,126,1
126,127,1
126,127,1
126,127,1
126,127,1
126,126,0
125,126,1
125,126,1
126,127,1
126,127,1
126,127,1
126,126,0
126,127,1
126,127,1
126,127,1
126,127,1
126,126,0
125,126,1
125,126,1
125,126,1
125,125,0
125,126,1
125,125,0
124,125,1
124,124,0
123,124,1
122,124,2
122,124,2
122,124,2
122,123,1
122,124,2
122,124,2
122,123,1
121,123,2
121,123,2
121,122,1
121,122,1
122,122,0
122,122,0
121,122,1
121,122,1
121,122,1
121,122,1
121,122,1
121,121,0
120,121,1
120,121,1
119,121,2
119,121,2
119,120,1
119,121,2
119,121,2
119,121,2
119,120,1
119,120,1
119,120,1
119,120,1
119,120,1
119,119,0
119,120,1
119,120,1
119,120,1
119,120,1
119,120,1
119,120,1
119,120,1
119,120,1
119,120,1
119,120,1
119,119,0
118,118,0
118,119,1
118,119,1
118,119,1
118,120,2
118,120,2
118,120,2
118,119,1
118,120,2
118,120,2
118,120,2
118,120,2
118,119,1
118,119,1
118,120,2
118,120,2
118,120,2
118,119,1
118,119,1
118,120,2
118,120,2
118,120,2
118,120,2
118,119,1
118,119,1
117,119,2
117,119,2
117,119,2
117,118,1
117,118,1
117,118,1
118,119,1
119,119,0
119,120,1
119,120,1
119,120,1
119,120,1
119,119,0
119,119,0
119,119,0
119,120,1
119,120,1
119,119,0
119,120,1
119,119,0
119,120,1
119,120,1
119,119,0
119,119,0
119,120,1
119,120,1
119,119,0
119,119,0
119,120,1
119,120,1
120,121,1
121,122,1
121,122,1
121,122,1
121,122,1
121,121,0
120,120,0
119,120,1
119,120,1
119,120,1
119,121,2
119,120,1
119,121,2
119,121,2
119,120,1
119,120,1
119,121,2
119,120,1
119,121,2
119,121,2
119,121,2
119,121,2
119,120,1
119,121,2
119,121,2
119,120,1
119,120,1
119,121,2
120,122,2
120,122,2
120,122,2
120,122,2
121,123,2
121,123,2
121,123,2
121,122,1
121,122,1
121,121,0
120,121,1
120,121,1
120,121,1
120,121,1
120,121,1
120,122,2
120,122,2
120,122,2
121,122,1
121,122,1
122,123,1
122,123,1
122,123,1
122,122,0
121,122,1
122,122,0
121,122,1
121,122,1
121,121,0
120,121,1
120,121,1
120,122,2
120,122,2
120,122,2
120,121,1
119,121,2
119,121,2
119,121,2
120,122,2
121,123,2
121,122,1
121,123,2
121,123,2
121,123,2
121,123,2
121,123,2
121,123,2
121,123,2
121,123,2
121,123,2
121,122,1
121,121,0
121,122,1
121,122,1
121,121,0
120,121,1
120,122,2
120,122,2
120,122,2
120,121,1
120,122,2
120,121,1
121,122,1
121,122,1
121,122,1
121,122,1
121,121,0
121,122,1
121,121,0
121,121,0
121,121,0
121,122,1
121,122,1
121,121,0
121,122,1
121,121,0
121,122,1
121,122,1
121,122,1
121,122,1
121,122,1
122,122,0
122,123,1
122,123,1
122,122,0
122,123,1
122,122,0
122,123,1
122,123,1
122,123,1
122,123,1
122,123,1
122,123,1
122,122,0
122,123,1
122,122,0
122,123,1
122,122,0
121,122,1
122,123,1
122,123,1
122,123,1
122,123,1
122,123,1
122,122,0
122,123,1
122,123,1
122,123,1
122,123,1
122,122,0
121,121,0
121,122,1
121,122,1
122,123,1
122,123,1
122,123,1
122,122,0
122,123,1
122,123,1
122,123,1
122,123,1
123,124,1
123,124,1
124,124,0
123,124,1
123,123,0
123,123,0
122,123,1
122,123,1
122,123,1
123,123,0
122,122,0
121,122,1
121,121,0
121,122,1
121,123,2
122,124,2
123,125,2
123,124,1
122,124,2
122,124,2
122,123,1
122,123,1
122,124,2
122,124,2
122,124,2
122,125,3
122,124,2
122,124,2
122,124,2
122,124,2
122,123,1
122,124,2
122,124,2
122,124,2
122,123,1
122,124,2
122,124,2
122,124,2
122,124,2
122,123,1
122,122,0
122,122,0
122,122,0
122,123,1
122,123,1
122,122,0
122,122,0
122,123,1
122,123,1
122,123,1
122,123,1
122,122,0
122,123,1
122,123,1
122,122,0
122,123,1
123,124,1
123,124,1
123,123,0
122,123,1
122,123,1
122,123,1
122,124,2
122,123,1
122,122,0
122,123,1
122,123,1
122,123,1
123,124,1
123,123,0
123,124,1
123,124,1
123,124,1
123,124,1
123,124,1
123,124,1
123,124,1
123,124,1
123,124,1
123,124,1
123,124,1
123,124,1
123,124,1
123,124,1
123,124,1
123,123,0
123,123,0
123,124,1
123,124,1
123,124,1
123,124,1
123,124,1
123,124,1
123,125,2
123,126,3
123,126,3
123,126,3
123,126,3
123,125,2
123,125,2
123,125,2
123,125,2
123,125,2
123,125,2
123,125,2
123,124,1
123,125,2
123,125,2
123,124,1
123,124,1
123,125,2
123,125,2
123,125,2
123,125,2
123,126,3
123,126,3
123,126,3
124,127,3
124,127,3
124,127,3
124,127,3
124,127,3
124,126,2
123,126,3
123,126,3
123,126,3
123,126,3
123,126,3
123,125,2
123,125,2
123,126,3
123,126,3
123,126,3
123,127,4
123,126,3
123,126,3
124,127,3
124,126,2
124,127,3
124,127,3
125,128,3
126,129,3
126,129,3
127,129,2
127,130,3
127,130,3
128,131,3
128,131,3
128,131,3
128,130,2
128,130,2
128,130,2
128,130,2
128,130,2
128,130,2
128,130,2
128,130,2
128,130,2
128,129,1
127,129,2
127,129,2
127,129,2
128,130,2
129,131,2
130,131,1
130,132,2
131,133,2
131,132,1
131,132,1
131,133,2
131,132,1
131,133,2
132,134,2
133,135,2
133,135,2
134,136,2
134,135,1
134,136,2
134,136,2
134,136,2
134,136,2
134,136,2
134,136,2
135,137,2
135,137,2
135,137,2
135,137,2
136,137,1
136,138,2
136,137,1
135,137,2
135,137,2
135,136,1
135,135,0
134,134,0
133,134,1
133,133,0
132,133,1
132,132,0
131,132,1
132,132,0
132,133,1
132,133,1
132,133,1
132,133,1
132,134,2
133,134,1
133,133,0
132,132,0
132,133,1
132,133,1
132,132,0
132,133,1
132,132,0
132,133,1
132,133,1
132,133,1
132,134,2
132,134,2
132,134,2
132,134,2
132,134,2
132,134,2
133,135,2
133,134,1
133,134,1
133,135,2
133,135,2
133,135,2
133,135,2
133,136,3
133,135,2
133,135,2
133,134,1
133,134,1
133,133,0
132,133,1
132,133,1
132,132,0
132,133,1
132,133,1
132,132,0
132,133,1
132,133,1
132,133,1
132,133,1
132,132,0
132,133,1
132,133,1
132,132,0
132,133,1
132,133,1
132,132,0
132,133,1
132,133,1
132,132,0
132,133,1
132,133,1
133,133,0
133,134,1
133,134,1
133,133,0
133,134,1
133,134,1
133,133,0
132,133,1
132,132,0
131,131,0
131,132,1
131,131,0
131,132,1
131,131,0
130,130,0
129,130,1
129,130,1
129,130,1
129,129,0
129,130,1
129,129,0
129,130,1
129,131,2
129,130,1
129,130,1
129,129,0
129,130,1
129,129,0
129,130,1
129,129,0
129,130,1
129,129,0
128,129,1
128,130,2
128,130,2
128,130,2
128,130,2
128,130,2
128,130,2
128,131,3
129,132,3
129,132,3
129,131,2
129,130,1
130,131,1
130,131,1
130,131,1
130,131,1
130,130,0
130,130,0
130,131,1
130,131,1
130,130,0
130,130,0
130,131,1
130,131,1
130,131,1
130,130,0
130,130,0
129,129,0
129,129,0
129,130,1
129,130,1
129,131,2
129,130,1
128,130,2
128,131,3
128,130,2
128,129,1
128,129,1
128,129,1
128,129,1
128,128,0
127,128,1
127,128,1
127,128,1
127,127,0
127,128,1
127,127,0
126,126,0
126,127,1
126,126,0
126,126,0
126,127,1
126,127,1
126,127,1
126,127,1
126,127,1
126,128,2
126,128,2
126,128,2
126,128,2
126,128,2
126,127,1
126,128,2
126,127,1
126,128,2
126,128,2
126,128,2
126,127,1
126,128,2
126,127,1
126,127,1
126,127,1
126,127,1
126,126,0
125,126,1
125,126,1
125,126,1
125,125,0
125,125,0
125,125,0
125,125,0
125,126,1
125,126,1
125,125,0
124,124,0
124,125,1
124,125,1
124,124,0
124,124,0
124,125,1
124,125,1
124,124,0
123,124,1
123,123,0
122,122,0
121,121,0
120,121,1
120,120,0
119,120,1
119,120,1
119,121,2
119,120,1
119,120,1
119,121,2
120,122,2
120,122,2
120,121,1
120,121,1
119,121,2
119,120,1
118,120,2
118,120,2
118,119,1
117,118,1
117,119,2
117,119,2
117,120,3
117,120,3
117,121,4
118,122,4
118,122,4
118,122,4
119,123,4
120,124,4
120,124,4
120,124,4
121,124,3
122,125,3
122,125,3
123,126,3
123,125,2
124,125,1
124,126,2
124,125,1
124,125,1
125,125,0
125,125,0
125,126,1
126,127,1
126,127,1
126,127,1
126,126,0
125,126,1
125,126,1
125,125,0
125,125,0
125,126,1
125,126,1
125,126,1
125,127,2
126,128,2
126,128,2
127,129,2
127,129,2
127,128,1
127,127,0
126,126,0
126,127,1
126,126,0
125,126,1
125,126,1
125,126,1
125,126,1
125,126,1
125,125,0
124,125,1
125,126,1
125,126,1
125,125,0
125,126,1
125,126,1
125,125,0
124,125,1
124,125,1
124,124,0
124,124,0
123,124,1
123,123,0
122,123,1
122,123,1
123,124,1
123,124,1
123,124,1
123,124,1
123,123,0
122,123,1
122,123,1
122,123,1
122,123,1
122,124,2
122,124,2
122,124,2
122,124,2
122,124,2
122,124,2
122,124,2
122,123,1
123,124,1
123,124,1
123,125,2
123,126,3
123,126,3
123,126,3
123,125,2
123,125,2
124,126,2
124,125,1
124,125,1
124,125,1
124,124,0
123,124,1
123,124,1
124,125,1
124,125,1
124,125,1
124,124,0
124,125,1
124,125,1
124,125,1
124,124,0
123,124,1
123,123,0
123,124,1
123,125,2
123,125,2
123,125,2
123,124,1
123,123,0
122,123,1
122,124,2
123,125,2
123,125,2
123,124,1
123,124,1
123,124,1
124,124,0
124,125,1
124,125,1
124,124,0
123,123,0
122,122,0
122,123,1
122,123,1
122,124,2
122,123,1
122,122,0
121,122,1
121,122,1
121,122,1
121,122,1
121,121,0
120,121,1
120,120,0
120,121,1
120,120,0
119,120,1
119,120,1
119,119,0
118,119,1
118,118,0
118,119,1
119,120,1
120,121,1
119,121,2
119,121,2
119,121,2
119,120,1
119,121,2
119,121,2
119,121,2
119,120,1
119,121,2
119,120,1
119,121,2
119,121,2
119,121,2
120,121,1
120,122,2
120,123,3
121,124,3
121,124,3
121,124,3
122,125,3
123,126,3
123,126,3
123,126,3
123,125,2
123,125,2
123,125,2
123,125,2
124,126,2
124,126,2
